Iterations,Scores
0,317
1,310
2,310
3,310
4,60
5,60
6,60
7,60
8,60
9,60
10,60
11,60
12,60
13,60
14,60
15,60
16,60
17,60
18,60
19,60
20,60
21,60
22,60
23,60
24,60
25,60
26,60
27,60
28,60
29,60
30,60
31,60
32,60
33,60
34,60
35,60
36,60
37,60
38,60
39,60
40,60
41,60
42,60
43,60
44,60
45,60
46,60
47,60
48,60
49,60
50,60
51,60
52,60
53,60
54,60
55,60
56,89
57,118
58,118
59,118
60,118
61,118
62,118
63,118
64,118
65,118
66,118
67,118
68,118
69,118
70,118
71,118
72,118
73,118
74,118
75,118
76,118
77,118
78,118
79,118
80,118
81,118
82,122
83,122
84,122
85,122
86,122
87,122
88,122
89,130
90,130
91,130
92,130
93,130
94,130
95,130
96,130
97,130
98,130
99,130
100,130
101,130
102,190
103,190
104,190
105,190
106,190
107,190
108,190
109,190
110,190
111,190
112,190
113,190
114,190
115,190
116,190
117,190
118,190
119,190
120,190
121,190
122,190
123,190
124,190
125,190
126,190
127,190
128,190
129,190
130,190
131,190
132,190
133,190
134,190
135,190
136,190
137,190
138,190
139,190
140,190
141,190
142,190
143,190
144,190
145,190
146,190
147,190
148,191
149,191
150,191
151,191
152,191
153,191
154,191
155,191
156,191
157,193
158,193
159,193
160,193
161,193
162,193
163,193
164,193
165,193
166,193
167,193
168,193
169,193
170,193
171,193
172,193
173,193
174,193
175,193
176,193
177,193
178,193
179,193
180,193
181,193
182,193
183,193
184,193
185,193
186,193
187,193
188,210
189,210
190,210
191,210
192,210
193,210
194,210
195,210
196,210
197,210
198,210
199,210
200,210
201,210
202,210
203,210
204,210
205,210
206,210
207,210
208,210
209,210
210,210
211,210
212,210
213,210
214,210
215,210
216,210
217,210
218,210
219,264
220,264
221,264
222,264
223,264
224,264
225,264
226,264
227,264
228,264
229,264
230,273
231,306
232,309
233,309
234,309
235,309
236,341
237,341
238,341
239,341
240,341
241,341
242,341
243,341
244,341
245,341
246,341
247,341
248,397
249,397
250,397
251,397
252,397
253,397
254,397
255,397
256,397
257,397
258,397
259,397
260,397
261,397
262,397
263,397
264,397
265,415
266,415
267,415
268,415
269,415
270,415
271,415
272,415
273,415
274,415
275,415
276,415
277,415
278,415
279,415
280,415
281,415
282,415
283,416
284,416
285,416
286,416
287,416
288,416
289,416
290,416
291,416
292,416
293,416
294,416
295,416
296,416
297,422
298,422
299,422
300,422
301,422
302,422
303,422
304,422
305,422
306,422
307,422
308,430
309,430
310,430
311,430
312,430
313,430
314,430
315,430
316,430
317,430
318,430
319,430
320,430
321,430
322,430
323,430
324,430
325,430
326,430
327,430
328,430
329,430
330,430
331,430
332,430
333,430
334,436
335,436
336,436
337,436
338,436
339,436
340,436
341,436
342,436
343,436
344,436
345,437
346,437
347,437
348,437
349,437
350,437
351,437
352,437
353,437
354,437
355,437
356,437
357,437
358,437
359,437
360,456
361,456
362,456
363,456
364,456
365,456
366,456
367,456
368,456
369,456
370,456
371,456
372,456
373,456
374,456
375,456
376,456
377,456
378,529
379,529
380,529
381,529
382,529
383,529
384,529
385,529
386,529
387,529
388,529
389,529
390,529
391,529
392,529
393,529
394,529
395,529
396,529
397,529
398,529
399,529
400,529
401,529
402,529
403,529
404,538
405,538
406,538
407,538
408,538
409,538
410,538
411,538
412,538
413,538
414,538
415,538
416,538
417,538
418,538
419,538
420,538
421,538
422,538
423,538
424,538
425,538
426,538
427,538
428,538
429,538
430,538
431,538
432,538
433,538
434,538
435,538
436,538
437,538
438,538
439,543
440,543
441,543
442,543
443,543
444,543
445,543
446,543
447,543
448,543
449,543
450,545
451,545
452,545
453,545
454,545
455,545
456,545
457,545
458,545
459,545
460,545
461,545
462,545
463,545
464,545
465,550
466,550
467,550
468,550
469,550
470,550
471,550
472,550
473,550
474,550
475,550
476,550
477,552
478,552
479,552
480,552
481,552
482,552
483,552
484,552
485,552
486,552
487,552
488,596
489,596
490,596
491,596
492,596
493,596
494,596
495,596
496,596
497,596
498,602
499,602
500,602
501,602
502,602
503,602
504,602
505,602
506,606
507,606
508,606
509,606
510,607
511,607
512,607
513,607
514,608
515,608
516,608
517,608
518,608
519,608
520,610
521,610
522,610
523,610
524,610
525,610
526,610
527,617
528,617
529,617
530,620
531,620
532,620
533,620
534,620
535,620
536,620
537,629
538,629
539,629
540,629
541,629
542,629
543,629
544,629
545,629
546,629
547,629
548,629
549,629
550,629
551,629
552,629
553,629
554,629
555,629
556,629
557,629
558,629
559,629
560,629
561,629
562,629
563,629
564,652
565,652
566,652
567,652
568,652
569,652
570,652
571,652
572,652
573,652
574,652
575,652
576,652
577,652
578,652
579,652
580,652
581,652
582,652
583,652
584,667
585,667
586,667
587,667
588,667
589,667
590,667
591,667
592,667
593,667
594,667
595,667
596,667
597,667
598,676
599,676
600,676
601,676
602,676
603,676
604,676
605,691
606,691
607,691
608,691
609,691
610,691
611,691
612,691
613,691
614,691
615,692
616,692
617,692
618,692
619,692
620,692
621,692
622,692
623,692
624,692
625,692
626,692
627,692
628,692
629,692
630,692
631,692
632,692
633,692
634,692
635,692
636,692
637,692
638,692
639,692
640,692
641,692
642,692
643,692
644,692
645,692
646,692
647,692
648,692
649,692
650,692
651,692
652,692
653,692
654,692
655,692
656,692
657,692
658,692
659,692
660,692
661,692
662,692
663,692
664,692
665,692
666,692
667,692
668,692
669,692
670,692
671,692
672,692
673,692
674,692
675,692
676,692
677,692
678,692
679,692
680,692
681,692
682,692
683,692
684,692
685,696
686,696
687,696
688,705
689,705
690,705
691,705
692,705
693,705
694,705
695,705
696,705
697,705
698,705
699,705
700,705
701,705
702,705
703,705
704,705
705,705
706,705
707,705
708,705
709,705
710,705
711,705
712,705
713,705
714,713
715,713
716,713
717,713
718,713
719,713
720,713
721,713
722,713
723,713
724,713
725,713
726,713
727,713
728,713
729,713
730,713
731,713
732,713
733,713
734,713
735,713
736,717
737,717
738,717
739,717
740,717
741,717
742,717
743,717
744,717
745,730
746,730
747,730
748,730
749,736
750,736
751,736
752,736
753,736
754,736
755,736
756,736
757,736
758,736
759,739
760,739
761,739
762,739
763,741
764,741
765,741
766,741
767,741
768,741
769,741
770,741
771,741
772,741
773,741
774,741
775,742
776,742
777,742
778,742
779,742
780,749
781,749
782,749
783,749
784,749
785,749
786,752
787,752
788,752
789,752
790,752
791,752
792,752
793,752
794,752
795,752
796,752
797,752
798,752
799,752
800,752
801,752
802,752
803,752
804,752
805,752
806,752
807,752
808,752
809,758
810,758
811,758
812,758
813,758
814,758
815,758
816,758
817,758
818,769
819,769
820,769
821,769
822,769
823,769
824,769
825,769
826,769
827,769
828,769
829,769
830,769
831,769
832,769
833,769
834,769
835,769
836,769
837,769
838,769
839,769
840,769
841,769
842,769
843,782
844,782
845,782
846,782
847,782
848,782
849,782
850,782
851,782
852,782
853,782
854,782
855,782
856,782
857,782
858,782
859,782
860,782
861,782
862,782
863,782
864,782
865,782
866,782
867,782
868,782
869,782
870,782
871,782
872,785
873,789
874,789
875,789
876,789
877,789
878,789
879,789
880,789
881,789
882,789
883,789
884,789
885,789
886,789
887,789
888,789
889,789
890,789
891,789
892,789
893,789
894,789
895,794
896,794
897,794
898,794
899,794
900,795
901,795
902,795
903,795
904,795
905,795
906,795
907,795
908,795
909,795
910,795
911,795
912,795
913,807
914,807
915,807
916,807
917,807
918,807
919,807
920,809
921,809
922,809
923,809
924,809
925,809
926,809
927,809
928,809
929,809
930,809
931,809
932,809
933,809
934,809
935,811
936,811
937,811
938,811
939,811
940,811
941,811
942,811
943,811
944,811
945,811
946,835
947,835
948,835
949,835
950,835
951,835
952,835
953,835
954,835
955,835
956,835
957,835
958,835
959,835
960,835
961,835
962,835
963,835
964,835
965,835
966,835
967,835
968,835
969,835
970,835
971,835
972,835
973,835
974,835
975,837
976,837
977,837
978,837
979,837
980,837
981,837
982,837
983,837
984,837
985,837
986,837
987,837
988,837
989,837
990,837
991,837
992,837
993,837
994,837
995,837
996,837
997,837
998,837
999,837
1000,837
1001,837
1002,837
1003,837
1004,837
1005,837
1006,837
1007,837
1008,837
1009,837
1010,837
1011,837
1012,837
1013,837
1014,837
1015,837
1016,837
1017,837
1018,838
1019,838
1020,838
1021,838
1022,838
1023,838
1024,838
1025,838
1026,838
1027,838
1028,838
1029,838
1030,838
1031,838
1032,838
1033,838
1034,838
1035,838
1036,838
1037,838
1038,838
1039,838
1040,838
1041,838
1042,838
1043,838
1044,838
1045,838
1046,838
1047,838
1048,838
1049,838
1050,838
1051,838
1052,838
1053,838
1054,838
1055,838
1056,838
1057,838
1058,838
1059,838
1060,854
1061,854
1062,854
1063,854
1064,854
1065,854
1066,854
1067,854
1068,854
1069,854
1070,854
1071,854
1072,854
1073,854
1074,854
1075,854
1076,854
1077,854
1078,854
1079,854
1080,854
1081,854
1082,854
1083,854
1084,854
1085,854
1086,854
1087,854
1088,854
1089,854
1090,866
1091,866
1092,866
1093,866
1094,866
1095,866
1096,866
1097,866
1098,868
1099,868
1100,868
1101,868
1102,868
1103,868
1104,868
1105,868
1106,868
1107,868
1108,868
1109,868
1110,868
1111,868
1112,868
1113,868
1114,868
1115,868
1116,868
1117,868
1118,868
1119,868
1120,868
1121,868
1122,868
1123,868
1124,868
1125,868
1126,868
1127,868
1128,868
1129,868
1130,868
1131,868
1132,868
1133,868
1134,868
1135,868
1136,868
1137,868
1138,868
1139,868
1140,868
1141,868
1142,868
1143,868
1144,868
1145,868
1146,868
1147,868
1148,868
1149,868
1150,868
1151,868
1152,868
1153,868
1154,868
1155,868
1156,868
1157,868
1158,868
1159,868
1160,868
1161,868
1162,868
1163,868
1164,868
1165,868
1166,868
1167,868
1168,868
1169,868
1170,868
1171,868
1172,868
1173,868
1174,868
1175,868
1176,868
1177,868
1178,868
1179,868
1180,868
1181,868
1182,868
1183,868
1184,868
1185,868
1186,868
1187,868
1188,868
1189,868
1190,870
1191,870
1192,870
1193,870
1194,870
1195,872
1196,872
1197,872
1198,872
1199,872
1200,872
1201,872
1202,872
1203,872
1204,878
1205,878
1206,878
1207,878
1208,879
1209,879
1210,879
1211,879
1212,879
1213,879
1214,879
1215,879
1216,879
1217,879
1218,879
1219,879
1220,879
1221,879
1222,879
1223,879
1224,879
1225,879
1226,879
1227,879
1228,879
1229,879
1230,879
1231,879
1232,879
1233,879
1234,879
1235,879
1236,879
1237,879
1238,879
1239,879
1240,879
1241,879
1242,879
1243,879
1244,879
1245,879
1246,879
1247,879
1248,879
1249,879
1250,879
1251,879
1252,887
1253,887
1254,887
1255,887
1256,887
1257,887
1258,887
1259,887
1260,887
1261,887
1262,887
1263,887
1264,887
1265,887
1266,887
1267,887
1268,896
1269,896
1270,896
1271,896
1272,896
1273,896
1274,896
1275,896
1276,896
1277,896
1278,896
1279,896
1280,896
1281,896
1282,896
1283,896
1284,896
1285,896
1286,896
1287,896
1288,896
1289,896
1290,896
1291,896
1292,896
1293,896
1294,896
1295,896
1296,896
1297,896
1298,896
1299,896
1300,896
1301,896
1302,896
1303,896
1304,896
1305,906
1306,906
1307,906
1308,906
1309,906
1310,906
1311,906
1312,906
1313,906
1314,906
1315,906
1316,906
1317,906
1318,906
1319,906
1320,906
1321,906
1322,906
1323,906
1324,906
1325,906
1326,906
1327,906
1328,906
1329,906
1330,906
1331,906
1332,906
1333,906
1334,906
1335,906
1336,906
1337,906
1338,906
1339,906
1340,906
1341,906
1342,906
1343,906
1344,906
1345,906
1346,906
1347,906
1348,906
1349,906
1350,906
1351,906
1352,906
1353,906
1354,906
1355,906
1356,906
1357,906
1358,906
1359,906
1360,906
1361,906
1362,906
1363,906
1364,906
1365,906
1366,906
1367,906
1368,906
1369,906
1370,906
1371,906
1372,906
1373,906
1374,906
1375,906
1376,906
1377,906
1378,906
1379,906
1380,906
1381,906
1382,906
1383,906
1384,906
1385,906
1386,906
1387,906
1388,906
1389,907
1390,907
1391,907
1392,907
1393,907
1394,907
1395,907
1396,907
1397,907
1398,907
1399,907
1400,907
1401,907
1402,907
1403,913
1404,913
1405,913
1406,913
1407,913
1408,913
1409,913
1410,913
1411,913
1412,913
1413,913
1414,913
1415,913
1416,913
1417,913
1418,913
1419,913
1420,913
1421,913
1422,913
1423,913
1424,913
1425,913
1426,913
1427,913
1428,913
1429,913
1430,913
1431,917
1432,917
1433,917
1434,945
1435,945
1436,945
1437,951
1438,951
1439,951
1440,951
1441,951
1442,951
1443,953
1444,953
1445,969
1446,969
1447,969
1448,969
1449,969
1450,969
1451,969
1452,969
1453,969
1454,975
1455,975
1456,975
1457,975
1458,975
1459,975
1460,975
1461,975
1462,975
1463,975
1464,975
1465,975
1466,975
1467,975
1468,975
1469,975
1470,975
1471,975
1472,975
1473,975
1474,975
1475,975
1476,975
1477,975
1478,975
1479,975
1480,975
1481,975
1482,977
1483,977
1484,977
1485,977
1486,977
1487,983
1488,984
1489,984
1490,985
1491,985
1492,985
1493,985
1494,985
1495,985
1496,985
1497,985
1498,985
1499,985
1500,985
1501,985
1502,985
1503,985
1504,985
1505,985
1506,985
1507,985
1508,985
1509,985
1510,985
1511,985
1512,985
1513,985
1514,985
1515,985
1516,994
1517,994
1518,994
1519,994
1520,994
1521,994
1522,994
1523,994
1524,994
1525,994
1526,994
1527,994
1528,994
1529,994
1530,994
1531,994
1532,994
1533,994
1534,994
1535,994
1536,994
1537,994
1538,994
1539,994
1540,994
1541,994
1542,994
1543,994
1544,994
1545,994
1546,994
1547,994
1548,994
1549,994
1550,994
1551,994
1552,994
1553,994
1554,994
1555,994
1556,994
1557,994
1558,994
1559,994
1560,994
1561,994
1562,994
1563,994
1564,994
1565,996
1566,996
1567,996
1568,996
1569,996
1570,996
1571,996
1572,996
1573,996
1574,996
1575,996
1576,996
1577,996
1578,996
1579,996
1580,996
1581,996
1582,999
1583,999
1584,999
1585,999
1586,999
1587,999
1588,999
1589,999
1590,999
1591,999
1592,999
1593,999
1594,999
1595,999
1596,999
1597,999
1598,999
1599,999
1600,999
1601,999
1602,999
1603,999
1604,999
1605,999
1606,999
1607,999
1608,999
1609,999
1610,999
1611,999
1612,999
1613,999
1614,999
1615,999
1616,999
1617,999
1618,999
1619,999
1620,999
1621,999
1622,999
1623,999
1624,999
1625,999
1626,999
1627,999
1628,999
1629,999
1630,999
1631,999
1632,999
1633,1002
1634,1002
1635,1002
1636,1002
1637,1002
1638,1002
1639,1002
1640,1002
1641,1002
1642,1002
1643,1002
1644,1002
1645,1002
1646,1002
1647,1002
1648,1002
1649,1002
1650,1002
1651,1002
1652,1002
1653,1002
1654,1002
1655,1002
1656,1002
1657,1002
1658,1002
1659,1002
1660,1002
1661,1002
1662,1002
1663,1002
1664,1002
1665,1002
1666,1002
1667,1007
1668,1007
1669,1007
1670,1007
1671,1007
1672,1007
1673,1007
1674,1007
1675,1007
1676,1007
1677,1007
1678,1007
1679,1007
1680,1007
1681,1007
1682,1007
1683,1007
1684,1013
1685,1013
1686,1013
1687,1013
1688,1013
1689,1013
1690,1013
1691,1013
1692,1013
1693,1013
1694,1013
1695,1013
1696,1013
1697,1013
1698,1013
1699,1013
1700,1013
1701,1013
1702,1013
1703,1013
1704,1013
1705,1013
1706,1013
1707,1013
1708,1013
1709,1013
1710,1013
1711,1013
1712,1013
1713,1013
1714,1013
1715,1013
1716,1013
1717,1013
1718,1013
1719,1014
1720,1014
1721,1014
1722,1014
1723,1014
1724,1014
1725,1014
1726,1014
1727,1014
1728,1014
1729,1014
1730,1014
1731,1014
1732,1014
1733,1014
1734,1014
1735,1018
1736,1018
1737,1018
1738,1018
1739,1018
1740,1018
1741,1018
1742,1018
1743,1018
1744,1018
1745,1018
1746,1018
1747,1018
1748,1018
1749,1018
1750,1018
1751,1018
1752,1018
1753,1018
1754,1018
1755,1018
1756,1018
1757,1018
1758,1018
1759,1028
1760,1028
1761,1028
1762,1028
1763,1028
1764,1028
1765,1028
1766,1028
1767,1028
1768,1028
1769,1030
1770,1030
1771,1030
1772,1030
1773,1030
1774,1040
1775,1040
1776,1040
1777,1040
1778,1040
1779,1040
1780,1040
1781,1040
1782,1040
1783,1040
1784,1040
1785,1040
1786,1040
1787,1040
1788,1040
1789,1040
1790,1040
1791,1040
1792,1040
1793,1040
1794,1040
1795,1041
1796,1041
1797,1041
1798,1041
1799,1041
1800,1041
1801,1042
1802,1042
1803,1042
1804,1042
1805,1042
1806,1042
1807,1042
1808,1045
1809,1045
1810,1045
1811,1045
1812,1045
1813,1045
1814,1045
1815,1045
1816,1045
1817,1045
1818,1045
1819,1045
1820,1045
1821,1045
1822,1045
1823,1045
1824,1045
1825,1045
1826,1045
1827,1045
1828,1045
1829,1045
1830,1045
1831,1053
1832,1053
1833,1053
1834,1053
1835,1053
1836,1053
1837,1053
1838,1053
1839,1053
1840,1053
1841,1053
1842,1053
1843,1053
1844,1053
1845,1053
1846,1053
1847,1053
1848,1053
1849,1053
1850,1061
1851,1061
1852,1061
1853,1061
1854,1061
1855,1061
1856,1061
1857,1061
1858,1061
1859,1061
1860,1061
1861,1061
1862,1061
1863,1061
1864,1061
1865,1061
1866,1061
1867,1061
1868,1061
1869,1061
1870,1061
1871,1061
1872,1061
1873,1061
1874,1061
1875,1061
1876,1061
1877,1061
1878,1061
1879,1061
1880,1061
1881,1061
1882,1061
1883,1061
1884,1061
1885,1061
1886,1061
1887,1061
1888,1061
1889,1061
1890,1061
1891,1061
1892,1061
1893,1061
1894,1061
1895,1061
1896,1061
1897,1061
1898,1061
1899,1061
1900,1061
1901,1061
1902,1065
1903,1065
1904,1065
1905,1065
1906,1065
1907,1065
1908,1065
1909,1065
1910,1065
1911,1065
1912,1065
1913,1065
1914,1065
1915,1065
1916,1068
1917,1068
1918,1068
1919,1068
1920,1069
1921,1069
1922,1069
1923,1069
1924,1069
1925,1069
1926,1069
1927,1069
1928,1069
1929,1069
1930,1076
1931,1076
1932,1076
1933,1076
1934,1076
1935,1076
1936,1076
1937,1076
1938,1076
1939,1076
1940,1078
1941,1078
1942,1078
1943,1078
1944,1078
1945,1078
1946,1078
1947,1078
1948,1078
1949,1078
1950,1078
1951,1078
1952,1078
1953,1078
1954,1078
1955,1078
1956,1078
1957,1078
1958,1078
1959,1090
1960,1090
1961,1090
1962,1091
1963,1091
1964,1091
1965,1091
1966,1096
1967,1096
1968,1096
1969,1096
1970,1096
1971,1096
1972,1096
1973,1096
1974,1096
1975,1096
1976,1096
1977,1096
1978,1096
1979,1096
1980,1096
1981,1096
1982,1096
1983,1096
1984,1096
1985,1096
1986,1096
1987,1096
1988,1096
1989,1096
1990,1096
1991,1096
1992,1096
1993,1096
1994,1096
1995,1096
1996,1096
1997,1096
1998,1096
1999,1096
2000,1096
2001,1096
2002,1096
2003,1096
2004,1096
2005,1096
2006,1096
2007,1096
2008,1099
2009,1099
2010,1106
2011,1106
2012,1106
2013,1106
2014,1134
2015,1134
2016,1134
2017,1134
2018,1134
2019,1134
2020,1134
2021,1134
2022,1134
2023,1134
2024,1134
2025,1134
2026,1134
2027,1134
2028,1134
2029,1134
2030,1134
2031,1134
2032,1134
2033,1134
2034,1134
2035,1134
2036,1134
2037,1134
2038,1134
2039,1134
2040,1134
2041,1134
2042,1134
2043,1134
2044,1134
2045,1134
2046,1134
2047,1134
2048,1134
2049,1134
2050,1134
2051,1134
2052,1134
2053,1134
2054,1134
2055,1134
2056,1134
2057,1134
2058,1134
2059,1134
2060,1134
2061,1134
2062,1134
2063,1134
2064,1134
2065,1134
2066,1134
2067,1134
2068,1134
2069,1134
2070,1146
2071,1146
2072,1146
2073,1146
2074,1146
2075,1146
2076,1146
2077,1146
2078,1146
2079,1146
2080,1146
2081,1146
2082,1146
2083,1146
2084,1146
2085,1146
2086,1146
2087,1146
2088,1146
2089,1146
2090,1146
2091,1146
2092,1146
2093,1149
2094,1149
2095,1149
2096,1149
2097,1154
2098,1154
2099,1154
2100,1154
2101,1154
2102,1154
2103,1154
2104,1154
2105,1154
2106,1154
2107,1154
2108,1154
2109,1154
2110,1154
2111,1154
2112,1154
2113,1154
2114,1154
2115,1154
2116,1154
2117,1154
2118,1154
2119,1154
2120,1154
2121,1154
2122,1154
2123,1154
2124,1154
2125,1154
2126,1154
2127,1154
2128,1154
2129,1158
2130,1158
2131,1158
2132,1158
2133,1158
2134,1158
2135,1158
2136,1158
2137,1158
2138,1158
2139,1158
2140,1158
2141,1158
2142,1158
2143,1158
2144,1158
2145,1158
2146,1158
2147,1158
2148,1158
2149,1158
2150,1158
2151,1158
2152,1158
2153,1158
2154,1158
2155,1158
2156,1158
2157,1158
2158,1211
2159,1211
2160,1211
2161,1211
2162,1211
2163,1211
2164,1211
2165,1211
2166,1211
2167,1211
2168,1211
2169,1211
2170,1211
2171,1211
2172,1211
2173,1211
2174,1211
2175,1211
2176,1211
2177,1211
2178,1211
2179,1211
2180,1211
2181,1211
2182,1211
2183,1211
2184,1211
2185,1211
2186,1211
2187,1211
2188,1211
2189,1211
2190,1211
2191,1211
2192,1211
2193,1211
2194,1211
2195,1211
2196,1211
2197,1211
2198,1211
2199,1211
2200,1211
2201,1211
2202,1211
2203,1235
2204,1235
2205,1235
2206,1235
2207,1235
2208,1235
2209,1236
2210,1236
2211,1236
2212,1236
2213,1236
2214,1236
2215,1236
2216,1236
2217,1236
2218,1236
2219,1236
2220,1236
2221,1236
2222,1236
2223,1236
2224,1236
2225,1236
2226,1236
2227,1236
2228,1236
2229,1236
2230,1236
2231,1236
2232,1236
2233,1236
2234,1236
2235,1236
2236,1236
2237,1236
2238,1236
2239,1236
2240,1236
2241,1236
2242,1236
2243,1236
2244,1236
2245,1236
2246,1236
2247,1236
2248,1236
2249,1236
2250,1236
2251,1236
2252,1236
2253,1236
2254,1236
2255,1236
2256,1236
2257,1236
2258,1236
2259,1236
2260,1236
2261,1236
2262,1236
2263,1236
2264,1236
2265,1236
2266,1236
2267,1236
2268,1236
2269,1236
2270,1236
2271,1236
2272,1236
2273,1236
2274,1236
2275,1236
2276,1236
2277,1236
2278,1236
2279,1236
2280,1236
2281,1236
2282,1236
2283,1236
2284,1236
2285,1236
2286,1236
2287,1236
2288,1236
2289,1236
2290,1236
2291,1236
2292,1236
2293,1236
2294,1236
2295,1236
2296,1236
2297,1236
2298,1236
2299,1236
2300,1236
2301,1236
2302,1236
2303,1236
2304,1236
2305,1236
2306,1236
2307,1236
2308,1236
2309,1236
2310,1236
2311,1236
2312,1236
2313,1236
2314,1236
2315,1236
2316,1236
2317,1236
2318,1236
2319,1236
2320,1238
2321,1238
2322,1238
2323,1241
2324,1241
2325,1241
2326,1241
2327,1241
2328,1241
2329,1241
2330,1241
2331,1241
2332,1241
2333,1241
2334,1241
2335,1241
2336,1243
2337,1243
2338,1243
2339,1243
2340,1243
2341,1243
2342,1243
2343,1243
2344,1243
2345,1243
2346,1243
2347,1243
2348,1243
2349,1243
2350,1243
2351,1243
2352,1243
2353,1243
2354,1243
2355,1243
2356,1243
2357,1243
2358,1243
2359,1243
2360,1243
2361,1243
2362,1243
2363,1243
2364,1243
2365,1243
2366,1243
2367,1243
2368,1243
2369,1243
2370,1243
2371,1243
2372,1243
2373,1243
2374,1243
2375,1243
2376,1243
2377,1243
2378,1243
2379,1243
2380,1243
2381,1261
2382,1261
2383,1261
2384,1261
2385,1261
2386,1261
2387,1261
2388,1261
2389,1261
2390,1261
2391,1261
2392,1261
2393,1261
2394,1261
2395,1261
2396,1261
2397,1261
2398,1261
2399,1261
2400,1263
2401,1263
2402,1263
2403,1263
2404,1263
2405,1263
2406,1263
2407,1263
2408,1263
2409,1263
2410,1263
2411,1263
2412,1263
2413,1263
2414,1263
2415,1263
2416,1263
2417,1263
2418,1265
2419,1265
2420,1265
2421,1265
2422,1265
2423,1265
2424,1265
2425,1265
2426,1267
2427,1267
2428,1267
2429,1267
2430,1267
2431,1267
2432,1267
2433,1270
2434,1270
2435,1270
2436,1270
2437,1270
2438,1270
2439,1270
2440,1270
2441,1270
2442,1270
2443,1270
2444,1270
2445,1270
2446,1270
2447,1270
2448,1270
2449,1270
2450,1270
2451,1270
2452,1270
2453,1270
2454,1270
2455,1270
2456,1270
2457,1270
2458,1270
2459,1270
2460,1270
2461,1270
2462,1270
2463,1270
2464,1270
2465,1270
2466,1270
2467,1270
2468,1270
2469,1270
2470,1270
2471,1270
2472,1270
2473,1270
2474,1270
2475,1270
2476,1270
2477,1270
2478,1270
2479,1270
2480,1270
2481,1270
2482,1270
2483,1270
2484,1270
2485,1270
2486,1270
2487,1270
2488,1270
2489,1270
2490,1270
2491,1270
2492,1270
2493,1270
2494,1270
2495,1270
2496,1270
2497,1270
2498,1270
2499,1270
2500,1270
2501,1270
2502,1270
2503,1270
2504,1270
2505,1270
2506,1270
2507,1270
2508,1270
2509,1270
2510,1270
2511,1270
2512,1270
2513,1270
2514,1270
2515,1270
2516,1270
2517,1271
2518,1271
2519,1271
2520,1271
2521,1271
2522,1271
2523,1271
2524,1271
2525,1271
2526,1271
2527,1271
2528,1271
2529,1271
2530,1271
2531,1271
2532,1271
2533,1271
2534,1271
2535,1271
2536,1271
2537,1271
2538,1271
2539,1271
2540,1271
2541,1271
2542,1271
2543,1271
2544,1271
2545,1271
2546,1271
2547,1271
2548,1271
2549,1271
2550,1271
2551,1271
2552,1271
2553,1271
2554,1271
2555,1271
2556,1271
2557,1271
2558,1271
2559,1271
2560,1271
2561,1271
2562,1271
2563,1271
2564,1271
2565,1271
2566,1271
2567,1271
2568,1271
2569,1289
2570,1289
2571,1289
2572,1289
2573,1289
2574,1289
2575,1289
2576,1289
2577,1289
2578,1289
2579,1289
2580,1289
2581,1289
2582,1301
2583,1301
2584,1301
2585,1301
2586,1301
2587,1301
2588,1301
2589,1301
2590,1301
2591,1301
2592,1301
2593,1301
2594,1301
2595,1301
2596,1301
2597,1301
2598,1301
2599,1301
2600,1301
2601,1301
2602,1301
2603,1301
2604,1301
2605,1301
2606,1301
2607,1301
2608,1301
2609,1301
2610,1301
2611,1301
2612,1301
2613,1301
2614,1301
2615,1301
2616,1301
2617,1301
2618,1301
2619,1301
2620,1301
2621,1301
2622,1301
2623,1301
2624,1301
2625,1301
2626,1301
2627,1301
2628,1301
2629,1301
2630,1301
2631,1301
2632,1301
2633,1301
2634,1301
2635,1301
2636,1301
2637,1301
2638,1301
2639,1301
2640,1301
2641,1301
2642,1301
2643,1301
2644,1301
2645,1301
2646,1301
2647,1301
2648,1301
2649,1301
2650,1301
2651,1301
2652,1301
2653,1301
2654,1301
2655,1301
2656,1301
2657,1301
2658,1301
2659,1301
2660,1301
2661,1301
2662,1301
2663,1305
2664,1305
2665,1305
2666,1312
2667,1312
2668,1312
2669,1312
2670,1312
2671,1312
2672,1312
2673,1312
2674,1312
2675,1312
2676,1312
2677,1312
2678,1312
2679,1312
2680,1312
2681,1312
2682,1312
2683,1312
2684,1312
2685,1312
2686,1312
2687,1312
2688,1312
2689,1312
2690,1312
2691,1312
2692,1312
2693,1312
2694,1312
2695,1312
2696,1312
2697,1312
2698,1312
2699,1312
2700,1312
2701,1312
2702,1312
2703,1312
2704,1312
2705,1312
2706,1312
2707,1312
2708,1312
2709,1312
2710,1312
2711,1312
2712,1312
2713,1312
2714,1312
2715,1312
2716,1312
2717,1312
2718,1312
2719,1312
2720,1312
2721,1312
2722,1312
2723,1312
2724,1312
2725,1312
2726,1312
2727,1312
2728,1312
2729,1312
2730,1312
2731,1312
2732,1312
2733,1312
2734,1312
2735,1312
2736,1312
2737,1312
2738,1312
2739,1312
2740,1312
2741,1312
2742,1312
2743,1312
2744,1312
2745,1312
2746,1312
2747,1312
2748,1312
2749,1312
2750,1312
2751,1312
2752,1312
2753,1312
2754,1312
2755,1312
2756,1312
2757,1312
2758,1312
2759,1312
2760,1312
2761,1312
2762,1312
2763,1312
2764,1312
2765,1312
2766,1312
2767,1312
2768,1312
2769,1312
2770,1312
2771,1312
2772,1312
2773,1313
2774,1313
2775,1313
2776,1313
2777,1313
2778,1313
2779,1313
2780,1313
2781,1313
2782,1313
2783,1313
2784,1313
2785,1313
2786,1313
2787,1313
2788,1313
2789,1313
2790,1322
2791,1322
2792,1322
2793,1322
2794,1322
2795,1322
2796,1322
2797,1322
2798,1322
2799,1322
2800,1322
2801,1322
2802,1326
2803,1326
2804,1326
2805,1326
2806,1326
2807,1326
2808,1326
2809,1326
2810,1326
2811,1326
2812,1326
2813,1326
2814,1326
2815,1326
2816,1326
2817,1326
2818,1326
2819,1326
2820,1326
2821,1326
2822,1326
2823,1326
2824,1338
2825,1338
2826,1338
2827,1338
2828,1338
2829,1338
2830,1338
2831,1338
2832,1338
2833,1338
2834,1338
2835,1338
2836,1342
2837,1342
2838,1342
2839,1342
2840,1342
2841,1342
2842,1342
2843,1342
2844,1342
2845,1342
2846,1342
2847,1342
2848,1342
2849,1342
2850,1342
2851,1342
2852,1342
2853,1342
2854,1342
2855,1342
2856,1342
2857,1342
2858,1342
2859,1342
2860,1342
2861,1342
2862,1342
2863,1342
2864,1342
2865,1342
2866,1342
2867,1342
2868,1342
2869,1342
2870,1342
2871,1342
2872,1342
2873,1342
2874,1344
2875,1344
2876,1344
2877,1344
2878,1344
2879,1352
2880,1352
2881,1352
2882,1352
2883,1352
2884,1352
2885,1352
2886,1352
2887,1352
2888,1352
2889,1352
2890,1352
2891,1352
2892,1352
2893,1352
2894,1352
2895,1352
2896,1352
2897,1352
2898,1352
2899,1352
2900,1352
2901,1352
2902,1352
2903,1352
2904,1352
2905,1352
2906,1352
2907,1352
2908,1352
2909,1352
2910,1352
2911,1352
2912,1352
2913,1352
2914,1352
2915,1352
2916,1352
2917,1352
2918,1352
2919,1352
2920,1352
2921,1352
2922,1352
2923,1352
2924,1352
2925,1352
2926,1352
2927,1352
2928,1352
2929,1352
2930,1352
2931,1352
2932,1352
2933,1352
2934,1352
2935,1352
2936,1352
2937,1352
2938,1352
2939,1352
2940,1352
2941,1352
2942,1352
2943,1352
2944,1361
2945,1364
2946,1364
2947,1364
2948,1364
2949,1364
2950,1364
2951,1364
2952,1364
2953,1364
2954,1364
2955,1364
2956,1364
2957,1364
2958,1364
2959,1364
2960,1364
2961,1364
2962,1364
2963,1364
2964,1364
2965,1364
2966,1364
2967,1364
2968,1364
2969,1364
2970,1364
2971,1364
2972,1369
2973,1369
2974,1369
2975,1369
2976,1369
2977,1369
2978,1369
2979,1369
2980,1369
2981,1369
2982,1369
2983,1388
2984,1388
2985,1388
2986,1388
2987,1388
2988,1388
2989,1388
2990,1388
2991,1388
2992,1388
2993,1388
2994,1388
2995,1388
2996,1388
2997,1388
2998,1388
2999,1388
3000,1388
3001,1394
3002,1394
3003,1394
3004,1394
3005,1394
3006,1394
3007,1394
3008,1394
3009,1394
3010,1394
3011,1394
3012,1394
3013,1394
3014,1394
3015,1394
3016,1394
3017,1394
3018,1394
3019,1394
3020,1394
3021,1394
3022,1394
3023,1397
3024,1397
3025,1397
3026,1397
3027,1397
3028,1397
3029,1397
3030,1397
3031,1397
3032,1397
3033,1397
3034,1397
3035,1397
3036,1397
3037,1397
3038,1397
3039,1397
3040,1397
3041,1397
3042,1397
3043,1397
3044,1397
3045,1397
3046,1397
3047,1397
3048,1397
3049,1397
3050,1397
3051,1397
3052,1397
3053,1397
3054,1397
3055,1397
3056,1397
3057,1397
3058,1397
3059,1397
3060,1397
3061,1397
3062,1397
3063,1401
3064,1401
3065,1403
3066,1403
3067,1403
3068,1403
3069,1403
3070,1403
3071,1403
3072,1403
3073,1403
3074,1403
3075,1405
3076,1405
3077,1405
3078,1405
3079,1405
3080,1405
3081,1405
3082,1405
3083,1405
3084,1405
3085,1405
3086,1405
3087,1405
3088,1405
3089,1405
3090,1409
3091,1409
3092,1409
3093,1409
3094,1409
3095,1409
3096,1409
3097,1409
3098,1409
3099,1409
3100,1409
3101,1409
3102,1409
3103,1409
3104,1409
3105,1409
3106,1409
3107,1409
3108,1409
3109,1409
3110,1409
3111,1409
3112,1409
3113,1409
3114,1409
3115,1409
3116,1409
3117,1409
3118,1409
3119,1409
3120,1409
3121,1409
3122,1409
3123,1409
3124,1409
3125,1409
3126,1409
3127,1409
3128,1409
3129,1409
3130,1409
3131,1409
3132,1409
3133,1409
3134,1409
3135,1409
3136,1409
3137,1409
3138,1409
3139,1409
3140,1409
3141,1409
3142,1409
3143,1409
3144,1409
3145,1409
3146,1409
3147,1409
3148,1409
3149,1409
3150,1409
3151,1409
3152,1409
3153,1409
3154,1409
3155,1409
3156,1409
3157,1409
3158,1409
3159,1409
3160,1409
3161,1409
3162,1409
3163,1409
3164,1409
3165,1409
3166,1409
3167,1409
3168,1409
3169,1409
3170,1409
3171,1422
3172,1422
3173,1422
3174,1423
3175,1423
3176,1423
3177,1423
3178,1423
3179,1423
3180,1423
3181,1423
3182,1423
3183,1423
3184,1423
3185,1423
3186,1423
3187,1424
3188,1424
3189,1424
3190,1424
3191,1424
3192,1424
3193,1434
3194,1434
3195,1434
3196,1434
3197,1434
3198,1434
3199,1434
3200,1434
3201,1434
3202,1434
3203,1434
3204,1434
3205,1434
3206,1434
3207,1434
3208,1434
3209,1434
3210,1434
3211,1434
3212,1434
3213,1434
3214,1434
3215,1434
3216,1434
3217,1434
3218,1434
3219,1434
3220,1434
3221,1434
3222,1434
3223,1434
3224,1434
3225,1434
3226,1434
3227,1438
3228,1455
3229,1455
3230,1455
3231,1455
3232,1455
3233,1455
3234,1455
3235,1455
3236,1455
3237,1455
3238,1455
3239,1455
3240,1455
3241,1455
3242,1455
3243,1455
3244,1455
3245,1455
3246,1455
3247,1455
3248,1455
3249,1455
3250,1455
3251,1455
3252,1455
3253,1455
3254,1455
3255,1455
3256,1455
3257,1455
3258,1455
3259,1456
3260,1456
3261,1456
3262,1456
3263,1456
3264,1456
3265,1456
3266,1456
3267,1456
3268,1456
3269,1456
3270,1456
3271,1456
3272,1456
3273,1462
3274,1462
3275,1462
3276,1462
3277,1462
3278,1462
3279,1462
3280,1462
3281,1462
3282,1462
3283,1462
3284,1462
3285,1462
3286,1462
3287,1462
3288,1462
3289,1462
3290,1462
3291,1462
3292,1462
3293,1462
3294,1462
3295,1462
3296,1462
3297,1462
3298,1462
3299,1462
3300,1462
3301,1462
3302,1462
3303,1462
3304,1462
3305,1462
3306,1462
3307,1462
3308,1462
3309,1462
3310,1462
3311,1462
3312,1462
3313,1462
3314,1462
3315,1462
3316,1462
3317,1462
3318,1462
3319,1462
3320,1462
3321,1462
3322,1467
3323,1467
3324,1467
3325,1467
3326,1467
3327,1467
3328,1467
3329,1467
3330,1467
3331,1467
3332,1467
3333,1467
3334,1467
3335,1467
3336,1467
3337,1467
3338,1467
3339,1467
3340,1467
3341,1467
3342,1467
3343,1467
3344,1467
3345,1467
3346,1467
3347,1467
3348,1467
3349,1467
3350,1470
3351,1470
3352,1470
3353,1470
3354,1470
3355,1470
3356,1470
3357,1470
3358,1470
3359,1470
3360,1470
3361,1470
3362,1470
3363,1470
3364,1470
3365,1470
3366,1470
3367,1470
3368,1470
3369,1470
3370,1470
3371,1470
3372,1470
3373,1470
3374,1470
3375,1470
3376,1470
3377,1470
3378,1470
3379,1470
3380,1470
3381,1470
3382,1470
3383,1470
3384,1470
3385,1470
3386,1470
3387,1470
3388,1470
3389,1470
3390,1470
3391,1470
3392,1470
3393,1470
3394,1473
3395,1473
3396,1473
3397,1473
3398,1473
3399,1473
3400,1473
3401,1473
3402,1473
3403,1473
3404,1474
3405,1474
3406,1474
3407,1474
3408,1474
3409,1474
3410,1474
3411,1474
3412,1474
3413,1474
3414,1474
3415,1474
3416,1474
3417,1474
3418,1474
3419,1474
3420,1474
3421,1474
3422,1474
3423,1474
3424,1474
3425,1474
3426,1474
3427,1474
3428,1474
3429,1474
3430,1474
3431,1474
3432,1474
3433,1474
3434,1474
3435,1474
3436,1474
3437,1474
3438,1480
3439,1480
3440,1480
3441,1480
3442,1480
3443,1480
3444,1480
3445,1480
3446,1480
3447,1480
3448,1480
3449,1480
3450,1483
3451,1483
3452,1483
3453,1483
3454,1483
3455,1483
3456,1483
3457,1483
3458,1483
3459,1483
3460,1483
3461,1483
3462,1483
3463,1483
3464,1483
3465,1483
3466,1483
3467,1483
3468,1483
3469,1483
3470,1483
3471,1483
3472,1483
3473,1483
3474,1483
3475,1483
3476,1483
3477,1487
3478,1487
3479,1487
3480,1487
3481,1487
3482,1487
3483,1487
3484,1487
3485,1487
3486,1487
3487,1487
3488,1487
3489,1487
3490,1487
3491,1487
3492,1487
3493,1487
3494,1487
3495,1487
3496,1487
3497,1487
3498,1487
3499,1487
3500,1487
3501,1487
3502,1493
3503,1493
3504,1493
3505,1493
3506,1493
3507,1493
3508,1493
3509,1493
3510,1493
3511,1493
3512,1493
3513,1493
3514,1493
3515,1493
3516,1493
3517,1493
3518,1493
3519,1493
3520,1493
3521,1493
3522,1493
3523,1493
3524,1493
3525,1493
3526,1493
3527,1493
3528,1493
3529,1493
3530,1493
3531,1493
3532,1493
3533,1493
3534,1493
3535,1493
3536,1493
3537,1493
3538,1493
3539,1493
3540,1493
3541,1493
3542,1493
3543,1493
3544,1493
3545,1493
3546,1493
3547,1493
3548,1493
3549,1493
3550,1493
3551,1493
3552,1493
3553,1493
3554,1493
3555,1493
3556,1493
3557,1493
3558,1493
3559,1493
3560,1493
3561,1493
3562,1493
3563,1493
3564,1495
3565,1495
3566,1495
3567,1495
3568,1495
3569,1495
3570,1495
3571,1495
3572,1495
3573,1495
3574,1495
3575,1495
3576,1495
3577,1495
3578,1495
3579,1495
3580,1495
3581,1495
3582,1495
3583,1495
3584,1495
3585,1495
3586,1495
3587,1495
3588,1495
3589,1495
3590,1495
3591,1495
3592,1495
3593,1495
3594,1495
3595,1495
3596,1495
3597,1495
3598,1495
3599,1495
3600,1495
3601,1495
3602,1495
3603,1495
3604,1495
3605,1495
3606,1495
3607,1495
3608,1495
3609,1495
3610,1495
3611,1495
3612,1495
3613,1495
3614,1495
3615,1495
3616,1495
3617,1495
3618,1495
3619,1495
3620,1495
3621,1495
3622,1495
3623,1495
3624,1495
3625,1495
3626,1495
3627,1495
3628,1495
3629,1495
3630,1495
3631,1495
3632,1495
3633,1495
3634,1495
3635,1495
3636,1495
3637,1495
3638,1495
3639,1495
3640,1495
3641,1495
3642,1495
3643,1495
3644,1495
3645,1495
3646,1495
3647,1495
3648,1495
3649,1495
3650,1495
3651,1495
3652,1495
3653,1495
3654,1495
3655,1495
3656,1495
3657,1495
3658,1495
3659,1495
3660,1495
3661,1495
3662,1495
3663,1495
3664,1499
3665,1499
3666,1502
3667,1502
3668,1502
3669,1502
3670,1502
3671,1502
3672,1502
3673,1502
3674,1502
3675,1502
3676,1502
3677,1502
3678,1502
3679,1502
3680,1502
3681,1502
3682,1502
3683,1502
3684,1502
3685,1502
3686,1502
3687,1502
3688,1502
3689,1502
3690,1502
3691,1502
3692,1502
3693,1502
3694,1502
3695,1502
3696,1502
3697,1502
3698,1502
3699,1502
3700,1502
3701,1502
3702,1502
3703,1502
3704,1502
3705,1502
3706,1502
3707,1502
3708,1502
3709,1502
3710,1502
3711,1505
3712,1505
3713,1505
3714,1505
3715,1505
3716,1505
3717,1505
3718,1505
3719,1505
3720,1505
3721,1505
3722,1505
3723,1505
3724,1505
3725,1505
3726,1505
3727,1505
3728,1505
3729,1505
3730,1505
3731,1505
3732,1505
3733,1505
3734,1505
3735,1505
3736,1505
3737,1505
3738,1505
3739,1505
3740,1505
3741,1505
3742,1505
3743,1505
3744,1505
3745,1505
3746,1505
3747,1505
3748,1505
3749,1505
3750,1505
3751,1505
3752,1505
3753,1505
3754,1505
3755,1505
3756,1505
3757,1505
3758,1505
3759,1505
3760,1505
3761,1505
3762,1505
3763,1505
3764,1505
3765,1505
3766,1505
3767,1505
3768,1505
3769,1505
3770,1505
3771,1505
3772,1505
3773,1505
3774,1505
3775,1505
3776,1505
3777,1505
3778,1505
3779,1505
3780,1505
3781,1505
3782,1505
3783,1505
3784,1505
3785,1505
3786,1505
3787,1505
3788,1505
3789,1505
3790,1505
3791,1505
3792,1505
3793,1505
3794,1505
3795,1505
3796,1505
3797,1505
3798,1505
3799,1505
3800,1505
3801,1505
3802,1505
3803,1505
3804,1505
3805,1505
3806,1505
3807,1505
3808,1505
3809,1505
3810,1505
3811,1505
3812,1505
3813,1505
3814,1505
3815,1505
3816,1505
3817,1505
3818,1505
3819,1505
3820,1505
3821,1505
3822,1505
3823,1505
3824,1505
3825,1505
3826,1505
3827,1505
3828,1505
3829,1505
3830,1505
3831,1505
3832,1505
3833,1505
3834,1505
3835,1505
3836,1505
3837,1505
3838,1505
3839,1505
3840,1505
3841,1505
3842,1505
3843,1505
3844,1505
3845,1505
3846,1505
3847,1505
3848,1505
3849,1505
3850,1505
3851,1505
3852,1505
3853,1505
3854,1505
3855,1505
3856,1505
3857,1505
3858,1505
3859,1505
3860,1505
3861,1505
3862,1505
3863,1505
3864,1505
3865,1505
3866,1505
3867,1505
3868,1505
3869,1505
3870,1505
3871,1505
3872,1505
3873,1505
3874,1505
3875,1505
3876,1505
3877,1505
3878,1505
3879,1505
3880,1505
3881,1505
3882,1505
3883,1505
3884,1505
3885,1505
3886,1505
3887,1508
3888,1509
3889,1509
3890,1509
3891,1509
3892,1509
3893,1509
3894,1509
3895,1509
3896,1509
3897,1509
3898,1509
3899,1509
3900,1509
3901,1509
3902,1509
3903,1509
3904,1509
3905,1513
3906,1513
3907,1513
3908,1513
3909,1513
3910,1513
3911,1513
3912,1513
3913,1513
3914,1513
3915,1513
3916,1513
3917,1513
3918,1513
3919,1513
3920,1513
3921,1513
3922,1513
3923,1513
3924,1513
3925,1513
3926,1513
3927,1513
3928,1513
3929,1513
3930,1513
3931,1513
3932,1513
3933,1513
3934,1513
3935,1513
3936,1513
3937,1513
3938,1513
3939,1513
3940,1513
3941,1513
3942,1513
3943,1513
3944,1513
3945,1518
3946,1518
3947,1518
3948,1518
3949,1518
3950,1518
3951,1518
3952,1518
3953,1524
3954,1524
3955,1524
3956,1524
3957,1524
3958,1524
3959,1530
3960,1530
3961,1530
3962,1530
3963,1530
3964,1530
3965,1530
3966,1530
3967,1530
3968,1530
3969,1530
3970,1530
3971,1531
3972,1531
3973,1531
3974,1531
3975,1531
3976,1531
3977,1531
3978,1531
3979,1531
3980,1531
3981,1531
3982,1531
3983,1531
3984,1531
3985,1531
3986,1531
3987,1531
3988,1531
3989,1531
3990,1531
3991,1531
3992,1531
3993,1531
3994,1531
3995,1531
3996,1531
3997,1531
3998,1531
3999,1531
4000,1531
4001,1531
4002,1531
4003,1531
4004,1531
4005,1531
4006,1531
4007,1533
4008,1533
4009,1533
4010,1533
4011,1533
4012,1533
4013,1533
4014,1533
4015,1533
4016,1533
4017,1533
4018,1533
4019,1533
4020,1533
4021,1533
4022,1533
4023,1533
4024,1533
4025,1533
4026,1533
4027,1533
4028,1533
4029,1533
4030,1533
4031,1533
4032,1533
4033,1533
4034,1533
4035,1533
4036,1533
4037,1533
4038,1533
4039,1533
4040,1533
4041,1533
4042,1533
4043,1533
4044,1533
4045,1533
4046,1533
4047,1533
4048,1537
4049,1537
4050,1537
4051,1546
4052,1546
4053,1546
4054,1546
4055,1546
4056,1546
4057,1546
4058,1546
4059,1546
4060,1546
4061,1546
4062,1546
4063,1546
4064,1546
4065,1546
4066,1546
4067,1548
4068,1548
4069,1548
4070,1548
4071,1548
4072,1548
4073,1548
4074,1548
4075,1548
4076,1548
4077,1548
4078,1549
4079,1549
4080,1549
4081,1549
4082,1549
4083,1549
4084,1549
4085,1549
4086,1549
4087,1549
4088,1549
4089,1549
4090,1549
4091,1549
4092,1549
4093,1549
4094,1549
4095,1549
4096,1549
4097,1549
4098,1549
4099,1549
4100,1549
4101,1549
4102,1549
4103,1549
4104,1549
4105,1549
4106,1549
4107,1549
4108,1549
4109,1549
4110,1549
4111,1549
4112,1549
4113,1549
4114,1549
4115,1550
4116,1550
4117,1550
4118,1550
4119,1550
4120,1550
4121,1550
4122,1550
4123,1550
4124,1550
4125,1550
4126,1550
4127,1550
4128,1550
4129,1550
4130,1550
4131,1552
4132,1552
4133,1552
4134,1552
4135,1552
4136,1552
4137,1552
4138,1552
4139,1552
4140,1552
4141,1552
4142,1552
4143,1552
4144,1552
4145,1552
4146,1552
4147,1552
4148,1552
4149,1552
4150,1552
4151,1552
4152,1552
4153,1552
4154,1552
4155,1552
4156,1552
4157,1552
4158,1552
4159,1552
4160,1552
4161,1552
4162,1552
4163,1552
4164,1552
4165,1552
4166,1552
4167,1552
4168,1552
4169,1552
4170,1552
4171,1552
4172,1552
4173,1552
4174,1552
4175,1552
4176,1552
4177,1552
4178,1552
4179,1552
4180,1552
4181,1552
4182,1552
4183,1552
4184,1552
4185,1552
4186,1552
4187,1552
4188,1552
4189,1552
4190,1552
4191,1552
4192,1552
4193,1555
4194,1555
4195,1555
4196,1555
4197,1555
4198,1555
4199,1555
4200,1555
4201,1555
4202,1555
4203,1555
4204,1555
4205,1555
4206,1555
4207,1555
4208,1555
4209,1555
4210,1555
4211,1555
4212,1555
4213,1555
4214,1555
4215,1555
4216,1555
4217,1555
4218,1555
4219,1555
4220,1555
4221,1555
4222,1555
4223,1555
4224,1555
4225,1555
4226,1555
4227,1555
4228,1555
4229,1555
4230,1555
4231,1555
4232,1555
4233,1555
4234,1555
4235,1555
4236,1555
4237,1555
4238,1555
4239,1555
4240,1555
4241,1555
4242,1555
4243,1555
4244,1555
4245,1555
4246,1555
4247,1555
4248,1555
4249,1555
4250,1555
4251,1555
4252,1555
4253,1555
4254,1555
4255,1555
4256,1555
4257,1555
4258,1555
4259,1555
4260,1555
4261,1557
4262,1557
4263,1557
4264,1557
4265,1557
4266,1557
4267,1557
4268,1557
4269,1557
4270,1557
4271,1557
4272,1557
4273,1557
4274,1557
4275,1557
4276,1557
4277,1557
4278,1557
4279,1557
4280,1557
4281,1557
4282,1557
4283,1557
4284,1557
4285,1557
4286,1557
4287,1557
4288,1557
4289,1557
4290,1557
4291,1557
4292,1557
4293,1557
4294,1557
4295,1557
4296,1557
4297,1562
4298,1562
4299,1562
4300,1562
4301,1562
4302,1562
4303,1562
4304,1562
4305,1562
4306,1562
4307,1562
4308,1562
4309,1562
4310,1562
4311,1562
4312,1562
4313,1562
4314,1562
4315,1562
4316,1562
4317,1562
4318,1562
4319,1562
4320,1565
4321,1565
4322,1565
4323,1565
4324,1565
4325,1565
4326,1565
4327,1565
4328,1565
4329,1565
4330,1565
4331,1565
4332,1565
4333,1565
4334,1565
4335,1565
4336,1565
4337,1567
4338,1567
4339,1567
4340,1567
4341,1567
4342,1567
4343,1567
4344,1567
4345,1567
4346,1567
4347,1567
4348,1567
4349,1567
4350,1567
4351,1567
4352,1567
4353,1567
4354,1567
4355,1567
4356,1567
4357,1567
4358,1567
4359,1567
4360,1567
4361,1567
4362,1567
4363,1567
4364,1567
4365,1567
4366,1567
4367,1567
4368,1567
4369,1567
4370,1567
4371,1567
4372,1567
4373,1567
4374,1567
4375,1567
4376,1567
4377,1567
4378,1567
4379,1567
4380,1567
4381,1567
4382,1567
4383,1567
4384,1567
4385,1567
4386,1567
4387,1567
4388,1567
4389,1567
4390,1567
4391,1567
4392,1567
4393,1567
4394,1567
4395,1567
4396,1567
4397,1567
4398,1567
4399,1567
4400,1567
4401,1567
4402,1567
4403,1567
4404,1567
4405,1567
4406,1567
4407,1567
4408,1567
4409,1567
4410,1567
4411,1567
4412,1567
4413,1567
4414,1567
4415,1567
4416,1567
4417,1567
4418,1569
4419,1569
4420,1569
4421,1569
4422,1569
4423,1569
4424,1569
4425,1569
4426,1569
4427,1569
4428,1569
4429,1569
4430,1569
4431,1569
4432,1569
4433,1569
4434,1569
4435,1569
4436,1569
4437,1569
4438,1569
4439,1569
4440,1569
4441,1569
4442,1569
4443,1569
4444,1569
4445,1569
4446,1569
4447,1569
4448,1569
4449,1569
4450,1569
4451,1569
4452,1569
4453,1569
4454,1569
4455,1569
4456,1569
4457,1569
4458,1569
4459,1569
4460,1569
4461,1569
4462,1569
4463,1569
4464,1569
4465,1569
4466,1569
4467,1569
4468,1569
4469,1569
4470,1569
4471,1569
4472,1569
4473,1569
4474,1569
4475,1569
4476,1570
4477,1570
4478,1570
4479,1570
4480,1570
4481,1570
4482,1570
4483,1570
4484,1570
4485,1570
4486,1570
4487,1570
4488,1570
4489,1570
4490,1570
4491,1570
4492,1570
4493,1570
4494,1570
4495,1570
4496,1570
4497,1570
4498,1570
4499,1570
4500,1570
4501,1570
4502,1570
4503,1570
4504,1570
4505,1570
4506,1570
4507,1570
4508,1570
4509,1570
4510,1570
4511,1570
4512,1570
4513,1570
4514,1570
4515,1570
4516,1570
4517,1570
4518,1570
4519,1570
4520,1570
4521,1570
4522,1570
4523,1570
4524,1570
4525,1570
4526,1570
4527,1570
4528,1570
4529,1570
4530,1570
4531,1570
4532,1570
4533,1570
4534,1570
4535,1570
4536,1570
4537,1570
4538,1570
4539,1570
4540,1570
4541,1570
4542,1570
4543,1570
4544,1570
4545,1570
4546,1570
4547,1570
4548,1570
4549,1570
4550,1570
4551,1570
4552,1570
4553,1570
4554,1570
4555,1570
4556,1570
4557,1570
4558,1570
4559,1570
4560,1570
4561,1570
4562,1570
4563,1570
4564,1570
4565,1570
4566,1570
4567,1570
4568,1570
4569,1570
4570,1570
4571,1570
4572,1570
4573,1570
4574,1570
4575,1570
4576,1570
4577,1570
4578,1570
4579,1570
4580,1570
4581,1570
4582,1570
4583,1570
4584,1570
4585,1572
4586,1572
4587,1572
4588,1572
4589,1572
4590,1572
4591,1572
4592,1572
4593,1572
4594,1572
4595,1572
4596,1572
4597,1575
4598,1575
4599,1575
4600,1575
4601,1575
4602,1575
4603,1575
4604,1575
4605,1575
4606,1576
4607,1576
4608,1576
4609,1576
4610,1576
4611,1576
4612,1576
4613,1576
4614,1576
4615,1576
4616,1576
4617,1576
4618,1576
4619,1576
4620,1576
4621,1576
4622,1576
4623,1576
4624,1576
4625,1576
4626,1576
4627,1576
4628,1576
4629,1576
4630,1576
4631,1576
4632,1576
4633,1576
4634,1576
4635,1576
4636,1576
4637,1576
4638,1576
4639,1576
4640,1576
4641,1576
4642,1576
4643,1576
4644,1576
4645,1576
4646,1576
4647,1578
4648,1586
4649,1586
4650,1586
4651,1586
4652,1586
4653,1586
4654,1586
4655,1586
4656,1586
4657,1586
4658,1586
4659,1586
4660,1586
4661,1586
4662,1586
4663,1586
4664,1586
4665,1586
4666,1586
4667,1586
4668,1586
4669,1586
4670,1586
4671,1586
4672,1586
4673,1586
4674,1586
4675,1586
4676,1586
4677,1586
4678,1586
4679,1586
4680,1586
4681,1586
4682,1586
4683,1586
4684,1586
4685,1586
4686,1586
4687,1586
4688,1586
4689,1586
4690,1586
4691,1586
4692,1586
4693,1586
4694,1586
4695,1586
4696,1594
4697,1594
4698,1594
4699,1594
4700,1594
4701,1594
4702,1594
4703,1594
4704,1594
4705,1594
4706,1594
4707,1594
4708,1594
4709,1594
4710,1597
4711,1597
4712,1597
4713,1597
4714,1597
4715,1597
4716,1597
4717,1597
4718,1597
4719,1597
4720,1597
4721,1597
4722,1597
4723,1597
4724,1597
4725,1597
4726,1597
4727,1597
4728,1597
4729,1597
4730,1597
4731,1597
4732,1597
4733,1597
4734,1597
4735,1597
4736,1597
4737,1597
4738,1597
4739,1597
4740,1597
4741,1597
4742,1597
4743,1597
4744,1597
4745,1597
4746,1597
4747,1597
4748,1597
4749,1597
4750,1597
4751,1597
4752,1597
4753,1597
4754,1597
4755,1597
4756,1597
4757,1597
4758,1597
4759,1597
4760,1597
4761,1597
4762,1597
4763,1597
4764,1597
4765,1597
4766,1597
4767,1597
4768,1597
4769,1597
4770,1597
4771,1597
4772,1597
4773,1597
4774,1597
4775,1597
4776,1597
4777,1597
4778,1616
4779,1616
4780,1616
4781,1616
4782,1616
4783,1616
4784,1616
4785,1616
4786,1616
4787,1616
4788,1616
4789,1616
4790,1616
4791,1616
4792,1616
4793,1616
4794,1616
4795,1616
4796,1616
4797,1616
4798,1616
4799,1616
4800,1616
4801,1616
4802,1616
4803,1616
4804,1616
4805,1616
4806,1616
4807,1616
4808,1616
4809,1616
4810,1616
4811,1616
4812,1616
4813,1616
4814,1616
4815,1616
4816,1616
4817,1616
4818,1616
4819,1616
4820,1616
4821,1616
4822,1616
4823,1616
4824,1616
4825,1616
4826,1616
4827,1616
4828,1616
4829,1616
4830,1616
4831,1616
4832,1616
4833,1616
4834,1616
4835,1616
4836,1616
4837,1616
4838,1616
4839,1616
4840,1616
4841,1616
4842,1616
4843,1616
4844,1619
4845,1619
4846,1619
4847,1619
4848,1619
4849,1619
4850,1619
4851,1619
4852,1619
4853,1619
4854,1619
4855,1619
4856,1619
4857,1619
4858,1619
4859,1621
4860,1621
4861,1621
4862,1621
4863,1621
4864,1621
4865,1621
4866,1621
4867,1621
4868,1621
4869,1623
4870,1623
4871,1623
4872,1623
4873,1623
4874,1623
4875,1623
4876,1623
4877,1623
4878,1623
4879,1623
4880,1623
4881,1623
4882,1623
4883,1623
4884,1623
4885,1623
4886,1623
4887,1623
4888,1627
4889,1627
4890,1627
4891,1627
4892,1627
4893,1627
4894,1627
4895,1627
4896,1627
4897,1627
4898,1627
4899,1627
4900,1627
4901,1627
4902,1629
4903,1629
4904,1629
4905,1629
4906,1629
4907,1629
4908,1629
4909,1629
4910,1629
4911,1629
4912,1629
4913,1629
4914,1629
4915,1629
4916,1629
4917,1629
4918,1649
4919,1649
4920,1649
4921,1649
4922,1649
4923,1649
4924,1649
4925,1649
4926,1649
4927,1649
4928,1649
4929,1649
4930,1662
4931,1662
4932,1662
4933,1662
4934,1662
4935,1662
4936,1662
4937,1662
4938,1662
4939,1662
4940,1662
4941,1662
4942,1662
4943,1662
4944,1662
4945,1662
4946,1662
4947,1662
4948,1662
4949,1662
4950,1662
4951,1662
4952,1662
4953,1662
4954,1662
4955,1662
4956,1662
4957,1662
4958,1662
4959,1662
4960,1662
4961,1662
4962,1662
4963,1662
4964,1662
4965,1662
4966,1662
4967,1662
4968,1662
4969,1662
4970,1662
4971,1662
4972,1662
4973,1662
4974,1662
4975,1662
4976,1662
4977,1662
4978,1662
4979,1662
4980,1662
4981,1662
4982,1662
4983,1662
4984,1662
4985,1662
4986,1662
4987,1662
4988,1662
4989,1662
4990,1662
4991,1662
4992,1662
4993,1662
4994,1662
4995,1662
4996,1662
4997,1662
4998,1662
4999,1662
5000,1662
5001,1662
5002,1662
5003,1662
5004,1662
5005,1662
5006,1662
5007,1662
5008,1662
5009,1662
5010,1662
5011,1662
5012,1662
5013,1662
5014,1662
5015,1662
5016,1662
5017,1662
5018,1662
5019,1662
5020,1662
5021,1662
5022,1662
5023,1662
5024,1662
5025,1662
5026,1662
5027,1662
5028,1662
5029,1662
5030,1662
5031,1662
5032,1662
5033,1662
5034,1662
5035,1662
5036,1662
5037,1662
5038,1667
5039,1667
5040,1667
5041,1667
5042,1667
5043,1667
5044,1667
5045,1667
5046,1667
5047,1667
5048,1667
5049,1667
5050,1667
5051,1667
5052,1667
5053,1667
5054,1667
5055,1667
5056,1667
5057,1667
5058,1667
5059,1667
5060,1667
5061,1667
5062,1667
5063,1673
5064,1673
5065,1673
5066,1673
5067,1673
5068,1673
5069,1673
5070,1673
5071,1673
5072,1673
5073,1673
5074,1673
5075,1673
5076,1673
5077,1673
5078,1673
5079,1673
5080,1673
5081,1673
5082,1673
5083,1673
5084,1673
5085,1673
5086,1673
5087,1673
5088,1673
5089,1673
5090,1673
5091,1673
5092,1673
5093,1673
5094,1673
5095,1673
5096,1673
5097,1673
5098,1673
5099,1673
5100,1673
5101,1673
5102,1673
5103,1673
5104,1673
5105,1673
5106,1673
5107,1673
5108,1673
5109,1673
5110,1673
5111,1673
5112,1673
5113,1673
5114,1673
5115,1673
5116,1673
5117,1673
5118,1673
5119,1673
5120,1673
5121,1673
5122,1673
5123,1673
5124,1673
5125,1673
5126,1673
5127,1673
5128,1673
5129,1673
5130,1686
5131,1686
5132,1686
5133,1686
5134,1686
5135,1686
5136,1686
5137,1686
5138,1687
5139,1687
5140,1687
5141,1687
5142,1687
5143,1687
5144,1687
5145,1687
5146,1687
5147,1687
5148,1687
5149,1687
5150,1687
5151,1687
5152,1687
5153,1687
5154,1687
5155,1687
5156,1687
5157,1687
5158,1687
5159,1687
5160,1687
5161,1687
5162,1687
5163,1687
5164,1687
5165,1687
5166,1687
5167,1687
5168,1687
5169,1687
5170,1687
5171,1687
5172,1687
5173,1687
5174,1687
5175,1687
5176,1687
5177,1687
5178,1687
5179,1687
5180,1687
5181,1687
5182,1687
5183,1687
5184,1687
5185,1687
5186,1687
5187,1687
5188,1687
5189,1687
5190,1687
5191,1687
5192,1687
5193,1687
5194,1687
5195,1687
5196,1687
5197,1687
5198,1687
5199,1687
5200,1687
5201,1687
5202,1687
5203,1687
5204,1687
5205,1687
5206,1687
5207,1687
5208,1687
5209,1687
5210,1687
5211,1687
5212,1687
5213,1687
5214,1687
5215,1687
5216,1687
5217,1687
5218,1687
5219,1687
5220,1687
5221,1687
5222,1687
5223,1687
5224,1687
5225,1687
5226,1687
5227,1698
5228,1698
5229,1698
5230,1698
5231,1727
5232,1727
5233,1727
5234,1727
5235,1727
5236,1727
5237,1727
5238,1727
5239,1727
5240,1727
5241,1727
5242,1727
5243,1727
5244,1727
5245,1727
5246,1727
5247,1727
5248,1727
5249,1727
5250,1727
5251,1727
5252,1727
5253,1727
5254,1727
5255,1727
5256,1727
5257,1727
5258,1727
5259,1727
5260,1727
5261,1727
5262,1727
5263,1727
5264,1727
5265,1727
5266,1727
5267,1727
5268,1727
5269,1727
5270,1727
5271,1727
5272,1727
5273,1727
5274,1727
5275,1727
5276,1727
5277,1727
5278,1727
5279,1727
5280,1727
5281,1727
5282,1727
5283,1727
5284,1727
5285,1727
5286,1727
5287,1727
5288,1727
5289,1727
5290,1727
5291,1727
5292,1727
5293,1727
5294,1727
5295,1727
5296,1727
5297,1727
5298,1727
5299,1727
5300,1727
5301,1727
5302,1727
5303,1727
5304,1727
5305,1727
5306,1727
5307,1727
5308,1727
5309,1727
5310,1727
5311,1727
5312,1727
5313,1727
5314,1727
5315,1727
5316,1727
5317,1727
5318,1727
5319,1727
5320,1727
5321,1727
5322,1727
5323,1727
5324,1733
5325,1733
5326,1733
5327,1733
5328,1733
5329,1733
5330,1733
5331,1733
5332,1733
5333,1733
5334,1733
5335,1733
5336,1733
5337,1733
5338,1733
5339,1733
5340,1733
5341,1733
5342,1733
5343,1733
5344,1733
5345,1733
5346,1733
5347,1733
5348,1733
5349,1733
5350,1733
5351,1733
5352,1733
5353,1733
5354,1733
5355,1733
5356,1733
5357,1733
5358,1733
5359,1733
5360,1733
5361,1733
5362,1733
5363,1733
5364,1733
5365,1733
5366,1733
5367,1733
5368,1733
5369,1733
5370,1733
5371,1733
5372,1733
5373,1733
5374,1733
5375,1733
5376,1733
5377,1733
5378,1733
5379,1733
5380,1733
5381,1733
5382,1733
5383,1733
5384,1733
5385,1733
5386,1733
5387,1733
5388,1733
5389,1733
5390,1733
5391,1733
5392,1733
5393,1733
5394,1733
5395,1733
5396,1733
5397,1733
5398,1733
5399,1733
5400,1733
5401,1733
5402,1733
5403,1733
5404,1733
5405,1733
5406,1733
5407,1733
5408,1733
5409,1733
5410,1733
5411,1733
5412,1733
5413,1733
5414,1733
5415,1733
5416,1733
5417,1733
5418,1733
5419,1733
5420,1733
5421,1733
5422,1733
5423,1733
5424,1733
5425,1733
5426,1733
5427,1733
5428,1733
5429,1733
5430,1733
5431,1733
5432,1733
5433,1733
5434,1733
5435,1733
5436,1733
5437,1733
5438,1733
5439,1733
5440,1733
5441,1733
5442,1733
5443,1733
5444,1733
5445,1733
5446,1733
5447,1733
5448,1733
5449,1733
5450,1733
5451,1733
5452,1733
5453,1733
5454,1733
5455,1733
5456,1733
5457,1733
5458,1733
5459,1733
5460,1733
5461,1733
5462,1735
5463,1735
5464,1735
5465,1735
5466,1735
5467,1735
5468,1735
5469,1735
5470,1735
5471,1735
5472,1735
5473,1735
5474,1735
5475,1735
5476,1735
5477,1735
5478,1735
5479,1735
5480,1735
5481,1735
5482,1735
5483,1735
5484,1735
5485,1735
5486,1735
5487,1735
5488,1735
5489,1735
5490,1735
5491,1735
5492,1735
5493,1735
5494,1735
5495,1735
5496,1735
5497,1735
5498,1735
5499,1735
5500,1735
5501,1735
5502,1735
5503,1735
5504,1735
5505,1735
5506,1735
5507,1735
5508,1735
5509,1735
5510,1735
5511,1735
5512,1735
5513,1735
5514,1735
5515,1735
5516,1735
5517,1735
5518,1735
5519,1735
5520,1735
5521,1735
5522,1735
5523,1735
5524,1735
5525,1735
5526,1735
5527,1735
5528,1735
5529,1735
5530,1735
5531,1735
5532,1735
5533,1735
5534,1735
5535,1735
5536,1735
5537,1735
5538,1735
5539,1735
5540,1735
5541,1735
5542,1735
5543,1735
5544,1735
5545,1735
5546,1735
5547,1735
5548,1735
5549,1735
5550,1735
5551,1735
5552,1735
5553,1735
5554,1735
5555,1735
5556,1735
5557,1735
5558,1735
5559,1735
5560,1735
5561,1735
5562,1735
5563,1735
5564,1735
5565,1735
5566,1735
5567,1735
5568,1735
5569,1735
5570,1735
5571,1735
5572,1735
5573,1735
5574,1735
5575,1735
5576,1735
5577,1735
5578,1735
5579,1735
5580,1736
5581,1736
5582,1736
5583,1736
5584,1736
5585,1736
5586,1736
5587,1736
5588,1736
5589,1736
5590,1736
5591,1736
5592,1736
5593,1736
5594,1736
5595,1736
5596,1736
5597,1736
5598,1736
5599,1736
5600,1736
5601,1736
5602,1736
5603,1736
5604,1736
5605,1747
5606,1747
5607,1747
5608,1747
5609,1747
5610,1747
5611,1747
5612,1747
5613,1747
5614,1747
5615,1747
5616,1747
5617,1747
5618,1747
5619,1747
5620,1747
5621,1747
5622,1747
5623,1747
5624,1747
5625,1747
5626,1747
5627,1747
5628,1747
5629,1747
5630,1747
5631,1747
5632,1747
5633,1747
5634,1747
5635,1747
5636,1747
5637,1747
5638,1747
5639,1747
5640,1747
5641,1747
5642,1747
5643,1747
5644,1747
5645,1747
5646,1747
5647,1747
5648,1747
5649,1747
5650,1747
5651,1747
5652,1747
5653,1747
5654,1747
5655,1747
5656,1747
5657,1747
5658,1747
5659,1747
5660,1747
5661,1747
5662,1747
5663,1747
5664,1747
5665,1747
5666,1747
5667,1747
5668,1747
5669,1747
5670,1747
5671,1750
5672,1750
5673,1750
5674,1750
5675,1750
5676,1750
5677,1750
5678,1750
5679,1750
5680,1750
5681,1750
5682,1750
5683,1750
5684,1750
5685,1750
5686,1750
5687,1750
5688,1750
5689,1750
5690,1750
5691,1750
5692,1750
5693,1750
5694,1750
5695,1750
5696,1750
5697,1750
5698,1750
5699,1750
5700,1750
5701,1750
5702,1750
5703,1750
5704,1750
5705,1750
5706,1750
5707,1750
5708,1750
5709,1750
5710,1750
5711,1750
5712,1750
5713,1750
5714,1750
5715,1750
5716,1750
5717,1750
5718,1750
5719,1750
5720,1750
5721,1750
5722,1750
5723,1750
5724,1750
5725,1750
5726,1750
5727,1750
5728,1750
5729,1750
5730,1750
5731,1750
5732,1750
5733,1750
5734,1750
5735,1752
5736,1752
5737,1752
5738,1752
5739,1752
5740,1752
5741,1752
5742,1752
5743,1752
5744,1752
5745,1752
5746,1754
5747,1754
5748,1754
5749,1754
5750,1754
5751,1754
5752,1754
5753,1754
5754,1754
5755,1754
5756,1754
5757,1754
5758,1754
5759,1754
5760,1759
5761,1759
5762,1759
5763,1759
5764,1759
5765,1759
5766,1759
5767,1759
5768,1759
5769,1759
5770,1759
5771,1759
5772,1759
5773,1759
5774,1759
5775,1759
5776,1759
5777,1772
5778,1772
5779,1772
5780,1772
5781,1772
5782,1772
5783,1772
5784,1772
5785,1772
5786,1772
5787,1772
5788,1772
5789,1772
5790,1772
5791,1780
5792,1780
5793,1780
5794,1780
5795,1780
5796,1780
5797,1780
5798,1780
5799,1780
5800,1780
5801,1780
5802,1780
5803,1780
5804,1787
5805,1787
5806,1787
5807,1787
5808,1787
5809,1787
5810,1787
5811,1787
5812,1787
5813,1787
5814,1787
5815,1787
5816,1787
5817,1787
5818,1787
5819,1787
5820,1787
5821,1787
5822,1787
5823,1787
5824,1787
5825,1787
5826,1787
5827,1787
5828,1787
5829,1787
5830,1787
5831,1787
5832,1787
5833,1787
5834,1787
5835,1787
5836,1787
5837,1787
5838,1787
5839,1787
5840,1787
5841,1787
5842,1787
5843,1787
5844,1787
5845,1787
5846,1787
5847,1787
5848,1787
5849,1787
5850,1787
5851,1787
5852,1787
5853,1787
5854,1787
5855,1787
5856,1787
5857,1787
5858,1787
5859,1787
5860,1787
5861,1787
5862,1787
5863,1787
5864,1787
5865,1787
5866,1787
5867,1787
5868,1787
5869,1787
5870,1787
5871,1787
5872,1787
5873,1787
5874,1787
5875,1787
5876,1787
5877,1787
5878,1787
5879,1787
5880,1787
5881,1787
5882,1787
5883,1787
5884,1787
5885,1787
5886,1787
5887,1787
5888,1787
5889,1787
5890,1787
5891,1787
5892,1787
5893,1787
5894,1787
5895,1787
5896,1787
5897,1787
5898,1787
5899,1787
5900,1787
5901,1787
5902,1787
5903,1787
5904,1787
5905,1787
5906,1787
5907,1787
5908,1787
5909,1787
5910,1787
5911,1787
5912,1787
5913,1787
5914,1787
5915,1787
5916,1787
5917,1787
5918,1787
5919,1787
5920,1787
5921,1787
5922,1787
5923,1787
5924,1787
5925,1787
5926,1787
5927,1787
5928,1787
5929,1787
5930,1787
5931,1787
5932,1787
5933,1787
5934,1787
5935,1787
5936,1787
5937,1787
5938,1787
5939,1787
5940,1787
5941,1787
5942,1787
5943,1793
5944,1793
5945,1793
5946,1793
5947,1793
5948,1793
5949,1793
5950,1795
5951,1795
5952,1795
5953,1795
5954,1795
5955,1795
5956,1795
5957,1795
5958,1795
5959,1795
5960,1795
5961,1795
5962,1795
5963,1799
5964,1799
5965,1799
5966,1799
5967,1799
5968,1799
5969,1799
5970,1799
5971,1799
5972,1799
5973,1799
5974,1799
5975,1799
5976,1799
5977,1799
5978,1799
5979,1799
5980,1799
5981,1800
5982,1800
5983,1800
5984,1800
5985,1800
5986,1800
5987,1800
5988,1800
5989,1800
5990,1800
5991,1800
5992,1800
5993,1800
5994,1800
5995,1800
5996,1800
5997,1800
5998,1800
5999,1800
6000,1800
6001,1800
6002,1800
6003,1800
6004,1800
6005,1801
6006,1801
6007,1801
6008,1801
6009,1801
6010,1801
6011,1801
6012,1801
6013,1801
6014,1801
6015,1801
6016,1801
6017,1801
6018,1801
6019,1801
6020,1801
6021,1801
6022,1801
6023,1801
6024,1801
6025,1801
6026,1801
6027,1801
6028,1801
6029,1801
6030,1801
6031,1801
6032,1801
6033,1801
6034,1801
6035,1801
6036,1801
6037,1801
6038,1801
6039,1801
6040,1801
6041,1801
6042,1801
6043,1801
6044,1801
6045,1801
6046,1801
6047,1801
6048,1801
6049,1801
6050,1801
6051,1801
6052,1801
6053,1801
6054,1801
6055,1801
6056,1801
6057,1801
6058,1801
6059,1801
6060,1801
6061,1801
6062,1801
6063,1801
6064,1801
6065,1801
6066,1801
6067,1801
6068,1801
6069,1801
6070,1801
6071,1801
6072,1801
6073,1801
6074,1801
6075,1801
6076,1801
6077,1801
6078,1801
6079,1801
6080,1801
6081,1801
6082,1801
6083,1801
6084,1801
6085,1801
6086,1801
6087,1801
6088,1801
6089,1801
6090,1801
6091,1801
6092,1801
6093,1801
6094,1801
6095,1801
6096,1801
6097,1801
6098,1801
6099,1801
6100,1801
6101,1801
6102,1801
6103,1801
6104,1802
6105,1802
6106,1802
6107,1802
6108,1802
6109,1802
6110,1802
6111,1802
6112,1802
6113,1802
6114,1802
6115,1802
6116,1802
6117,1802
6118,1802
6119,1802
6120,1802
6121,1802
6122,1802
6123,1802
6124,1802
6125,1802
6126,1802
6127,1802
6128,1802
6129,1802
6130,1802
6131,1804
6132,1804
6133,1804
6134,1804
6135,1804
6136,1804
6137,1804
6138,1804
6139,1804
6140,1804
6141,1804
6142,1804
6143,1804
6144,1804
6145,1804
6146,1804
6147,1804
6148,1804
6149,1804
6150,1804
6151,1804
6152,1804
6153,1804
6154,1804
6155,1804
6156,1804
6157,1804
6158,1804
6159,1804
6160,1804
6161,1804
6162,1804
6163,1804
6164,1804
6165,1804
6166,1804
6167,1804
6168,1804
6169,1804
6170,1804
6171,1804
6172,1804
6173,1804
6174,1804
6175,1804
6176,1804
6177,1804
6178,1804
6179,1804
6180,1804
6181,1804
6182,1804
6183,1804
6184,1804
6185,1804
6186,1820
6187,1820
6188,1820
6189,1820
6190,1820
6191,1820
6192,1820
6193,1820
6194,1820
6195,1820
6196,1820
6197,1820
6198,1820
6199,1820
6200,1820
6201,1820
6202,1820
6203,1834
6204,1834
6205,1834
6206,1834
6207,1834
6208,1834
6209,1834
6210,1834
6211,1834
6212,1837
6213,1837
6214,1837
6215,1858
6216,1858
6217,1858
6218,1858
6219,1858
6220,1858
6221,1858
6222,1858
6223,1858
6224,1858
6225,1858
6226,1858
6227,1858
6228,1858
6229,1858
6230,1858
6231,1858
6232,1858
6233,1861
6234,1861
6235,1861
6236,1861
6237,1861
6238,1861
6239,1861
6240,1861
6241,1861
6242,1861
6243,1861
6244,1861
6245,1861
6246,1861
6247,1861
6248,1861
6249,1861
6250,1861
6251,1861
6252,1861
6253,1865
6254,1865
6255,1865
6256,1865
6257,1865
6258,1865
6259,1869
6260,1869
6261,1869
6262,1869
6263,1869
6264,1869
6265,1869
6266,1869
6267,1869
6268,1869
6269,1869
6270,1869
6271,1869
6272,1869
6273,1875
6274,1875
6275,1875
6276,1875
6277,1875
6278,1875
6279,1875
6280,1875
6281,1875
6282,1875
6283,1875
6284,1875
6285,1875
6286,1875
6287,1875
6288,1875
6289,1875
6290,1875
6291,1875
6292,1875
6293,1875
6294,1875
6295,1875
6296,1875
6297,1875
6298,1875
6299,1875
6300,1875
6301,1875
6302,1875
6303,1875
6304,1875
6305,1875
6306,1875
6307,1875
6308,1875
6309,1875
6310,1875
6311,1875
6312,1875
6313,1875
6314,1875
6315,1875
6316,1875
6317,1875
6318,1875
6319,1875
6320,1875
6321,1875
6322,1875
6323,1875
6324,1875
6325,1875
6326,1875
6327,1875
6328,1875
6329,1875
6330,1875
6331,1875
6332,1875
6333,1875
6334,1875
6335,1875
6336,1875
6337,1875
6338,1875
6339,1875
6340,1875
6341,1875
6342,1875
6343,1875
6344,1875
6345,1875
6346,1875
6347,1875
6348,1875
6349,1875
6350,1875
6351,1875
6352,1875
6353,1875
6354,1875
6355,1875
6356,1875
6357,1875
6358,1875
6359,1875
6360,1875
6361,1875
6362,1875
6363,1875
6364,1875
6365,1875
6366,1875
6367,1875
6368,1875
6369,1875
6370,1875
6371,1875
6372,1875
6373,1875
6374,1875
6375,1875
6376,1875
6377,1875
6378,1875
6379,1875
6380,1875
6381,1875
6382,1875
6383,1875
6384,1875
6385,1875
6386,1875
6387,1875
6388,1875
6389,1875
6390,1875
6391,1875
6392,1875
6393,1875
6394,1875
6395,1875
6396,1875
6397,1875
6398,1875
6399,1875
6400,1875
6401,1876
6402,1876
6403,1876
6404,1876
6405,1876
6406,1876
6407,1876
6408,1876
6409,1876
6410,1876
6411,1876
6412,1876
6413,1876
6414,1876
6415,1876
6416,1876
6417,1876
6418,1876
6419,1876
6420,1878
6421,1878
6422,1878
6423,1878
6424,1878
6425,1878
6426,1878
6427,1878
6428,1878
6429,1878
6430,1878
6431,1878
6432,1878
6433,1878
6434,1878
6435,1878
6436,1878
6437,1878
6438,1878
6439,1878
6440,1878
6441,1878
6442,1878
6443,1878
6444,1878
6445,1878
6446,1878
6447,1878
6448,1878
6449,1878
6450,1878
6451,1878
6452,1878
6453,1878
6454,1878
6455,1878
6456,1878
6457,1878
6458,1878
6459,1878
6460,1878
6461,1878
6462,1878
6463,1878
6464,1880
6465,1880
6466,1882
6467,1884
6468,1884
6469,1884
6470,1884
6471,1884
6472,1884
6473,1884
6474,1884
6475,1884
6476,1884
6477,1884
6478,1884
6479,1884
6480,1884
6481,1884
6482,1884
6483,1884
6484,1884
6485,1884
6486,1884
6487,1884
6488,1884
6489,1884
6490,1884
6491,1884
6492,1884
6493,1884
6494,1884
6495,1884
6496,1884
6497,1884
6498,1884
6499,1884
6500,1884
6501,1884
6502,1884
6503,1884
6504,1884
6505,1884
6506,1884
6507,1884
6508,1884
6509,1884
6510,1884
6511,1884
6512,1884
6513,1884
6514,1884
6515,1884
6516,1884
6517,1884
6518,1884
6519,1885
6520,1885
6521,1885
6522,1885
6523,1885
6524,1885
6525,1885
6526,1885
6527,1885
6528,1885
6529,1885
6530,1885
6531,1885
6532,1885
6533,1885
6534,1885
6535,1885
6536,1885
6537,1885
6538,1885
6539,1885
6540,1885
6541,1885
6542,1885
6543,1885
6544,1885
6545,1885
6546,1885
6547,1885
6548,1889
6549,1889
6550,1889
6551,1889
6552,1889
6553,1889
6554,1889
6555,1889
6556,1889
6557,1889
6558,1889
6559,1889
6560,1889
6561,1889
6562,1889
6563,1889
6564,1889
6565,1889
6566,1889
6567,1889
6568,1889
6569,1889
6570,1889
6571,1889
6572,1889
6573,1889
6574,1889
6575,1889
6576,1889
6577,1889
6578,1889
6579,1889
6580,1889
6581,1889
6582,1889
6583,1889
6584,1889
6585,1891
6586,1891
6587,1891
6588,1891
6589,1891
6590,1891
6591,1891
6592,1891
6593,1891
6594,1891
6595,1891
6596,1891
6597,1891
6598,1891
6599,1891
6600,1891
6601,1891
6602,1891
6603,1891
6604,1891
6605,1891
6606,1891
6607,1891
6608,1891
6609,1891
6610,1891
6611,1891
6612,1891
6613,1891
6614,1891
6615,1891
6616,1891
6617,1891
6618,1891
6619,1891
6620,1891
6621,1891
6622,1891
6623,1891
6624,1891
6625,1893
6626,1893
6627,1893
6628,1893
6629,1893
6630,1893
6631,1893
6632,1893
6633,1893
6634,1893
6635,1893
6636,1893
6637,1893
6638,1893
6639,1893
6640,1893
6641,1893
6642,1893
6643,1893
6644,1893
6645,1893
6646,1893
6647,1893
6648,1893
6649,1893
6650,1893
6651,1893
6652,1893
6653,1893
6654,1893
6655,1893
6656,1893
6657,1893
6658,1893
6659,1893
6660,1893
6661,1893
6662,1893
6663,1893
6664,1893
6665,1893
6666,1893
6667,1893
6668,1893
6669,1893
6670,1893
6671,1893
6672,1893
6673,1893
6674,1893
6675,1893
6676,1893
6677,1893
6678,1893
6679,1893
6680,1893
6681,1893
6682,1893
6683,1893
6684,1893
6685,1893
6686,1893
6687,1893
6688,1893
6689,1893
6690,1893
6691,1893
6692,1893
6693,1893
6694,1893
6695,1893
6696,1893
6697,1893
6698,1893
6699,1893
6700,1893
6701,1893
6702,1893
6703,1893
6704,1893
6705,1893
6706,1897
6707,1897
6708,1897
6709,1897
6710,1897
6711,1897
6712,1897
6713,1898
6714,1898
6715,1898
6716,1898
6717,1898
6718,1898
6719,1898
6720,1898
6721,1898
6722,1898
6723,1898
6724,1898
6725,1898
6726,1898
6727,1898
6728,1898
6729,1898
6730,1898
6731,1898
6732,1898
6733,1898
6734,1898
6735,1898
6736,1898
6737,1898
6738,1898
6739,1898
6740,1898
6741,1898
6742,1898
6743,1898
6744,1898
6745,1898
6746,1898
6747,1898
6748,1898
6749,1898
6750,1898
6751,1898
6752,1898
6753,1898
6754,1898
6755,1898
6756,1898
6757,1899
6758,1899
6759,1899
6760,1899
6761,1899
6762,1899
6763,1899
6764,1899
6765,1899
6766,1899
6767,1899
6768,1899
6769,1899
6770,1899
6771,1899
6772,1899
6773,1899
6774,1899
6775,1899
6776,1899
6777,1899
6778,1899
6779,1899
6780,1899
6781,1899
6782,1899
6783,1899
6784,1899
6785,1899
6786,1899
6787,1899
6788,1899
6789,1899
6790,1899
6791,1905
6792,1905
6793,1905
6794,1905
6795,1905
6796,1905
6797,1905
6798,1905
6799,1905
6800,1905
6801,1905
6802,1905
6803,1905
6804,1905
6805,1905
6806,1905
6807,1905
6808,1905
6809,1905
6810,1905
6811,1905
6812,1905
6813,1905
6814,1905
6815,1905
6816,1905
6817,1914
6818,1914
6819,1914
6820,1914
6821,1914
6822,1914
6823,1914
6824,1914
6825,1914
6826,1914
6827,1914
6828,1914
6829,1914
6830,1914
6831,1914
6832,1914
6833,1914
6834,1914
6835,1914
6836,1914
6837,1914
6838,1914
6839,1914
6840,1914
6841,1914
6842,1914
6843,1915
6844,1915
6845,1915
6846,1915
6847,1915
6848,1915
6849,1915
6850,1915
6851,1915
6852,1915
6853,1915
6854,1920
6855,1920
6856,1920
6857,1920
6858,1920
6859,1920
6860,1920
6861,1920
6862,1920
6863,1920
6864,1920
6865,1920
6866,1920
6867,1920
6868,1920
6869,1920
6870,1920
6871,1920
6872,1920
6873,1920
6874,1920
6875,1920
6876,1920
6877,1920
6878,1920
6879,1920
6880,1920
6881,1920
6882,1920
6883,1920
6884,1920
6885,1920
6886,1920
6887,1920
6888,1920
6889,1920
6890,1920
6891,1920
6892,1920
6893,1920
6894,1920
6895,1920
6896,1920
6897,1920
6898,1920
6899,1920
6900,1920
6901,1920
6902,1920
6903,1920
6904,1920
6905,1920
6906,1920
6907,1920
6908,1920
6909,1920
6910,1920
6911,1920
6912,1920
6913,1920
6914,1920
6915,1920
6916,1920
6917,1920
6918,1920
6919,1920
6920,1920
6921,1920
6922,1920
6923,1920
6924,1920
6925,1920
6926,1920
6927,1920
6928,1920
6929,1920
6930,1920
6931,1921
6932,1921
6933,1921
6934,1921
6935,1921
6936,1921
6937,1921
6938,1921
6939,1921
6940,1921
6941,1921
6942,1921
6943,1921
6944,1921
6945,1921
6946,1921
6947,1921
6948,1921
6949,1921
6950,1921
6951,1921
6952,1927
6953,1927
6954,1927
6955,1927
6956,1927
6957,1927
6958,1927
6959,1927
6960,1927
6961,1927
6962,1927
6963,1927
6964,1927
6965,1927
6966,1927
6967,1927
6968,1927
6969,1927
6970,1927
6971,1927
6972,1927
6973,1927
6974,1927
6975,1927
6976,1927
6977,1927
6978,1927
6979,1927
6980,1927
6981,1927
6982,1927
6983,1927
6984,1927
6985,1927
6986,1927
6987,1927
6988,1927
6989,1927
6990,1927
6991,1927
6992,1927
6993,1927
6994,1927
6995,1927
6996,1927
6997,1927
6998,1927
6999,1927
7000,1927
7001,1927
7002,1927
7003,1927
7004,1927
7005,1927
7006,1929
7007,1931
7008,1931
7009,1931
7010,1943
7011,1944
7012,1944
7013,1944
7014,1944
7015,1944
7016,1944
7017,1944
7018,1944
7019,1944
7020,1944
7021,1944
7022,1944
7023,1944
7024,1944
7025,1944
7026,1944
7027,1944
7028,1944
7029,1944
7030,1944
7031,1948
7032,1948
7033,1948
7034,1948
7035,1948
7036,1948
7037,1948
7038,1948
7039,1948
7040,1948
7041,1948
7042,1948
7043,1948
7044,1948
7045,1948
7046,1948
7047,1948
7048,1948
7049,1948
7050,1948
7051,1956
7052,1956
7053,1956
7054,1957
7055,1957
7056,1957
7057,1957
7058,1957
7059,1957
7060,1957
7061,1957
7062,1957
7063,1957
7064,1957
7065,1957
7066,1957
7067,1957
7068,1957
7069,1957
7070,1957
7071,1957
7072,1957
7073,1957
7074,1957
7075,1958
7076,1958
7077,1958
7078,1958
7079,1958
7080,1958
7081,1958
7082,1958
7083,1962
7084,1962
7085,1962
7086,1962
7087,1962
7088,1962
7089,1962
7090,1962
7091,1962
7092,1962
7093,1962
7094,1962
7095,1962
7096,1962
7097,1962
7098,1962
7099,1962
7100,1962
7101,1962
7102,1962
7103,1962
7104,1962
7105,1962
7106,1962
7107,1962
7108,1962
7109,1962
7110,1962
7111,1962
7112,1962
7113,1962
7114,1962
7115,1962
7116,1962
7117,1962
7118,1962
7119,1962
7120,1968
7121,1968
7122,1968
7123,1968
7124,1968
7125,1968
7126,1968
7127,1968
7128,1968
7129,1968
7130,1968
7131,1968
7132,1968
7133,1973
7134,1974
7135,1974
7136,1974
7137,1974
7138,1974
7139,1974
7140,1974
7141,1974
7142,1974
7143,1974
7144,1974
7145,1974
7146,1974
7147,1974
7148,1974
7149,1974
7150,1974
7151,1974
7152,1974
7153,1974
7154,1974
7155,1974
7156,1974
7157,1974
7158,1974
7159,1974
7160,1974
7161,1974
7162,1974
7163,1974
7164,1974
7165,1974
7166,1974
7167,1974
7168,1974
7169,1974
7170,1974
7171,1974
7172,1974
7173,1974
7174,1974
7175,1974
7176,1974
7177,1974
7178,1981
7179,1981
7180,1981
7181,1981
7182,1981
7183,1981
7184,1981
7185,1981
7186,1981
7187,1981
7188,1981
7189,1981
7190,1981
7191,1981
7192,1982
7193,1982
7194,1982
7195,1982
7196,1982
7197,1986
7198,1986
7199,1986
7200,1986
7201,1986
7202,1986
7203,1986
7204,1986
7205,1986
7206,1986
7207,1986
7208,1986
7209,1986
7210,1986
7211,1986
7212,1986
7213,1986
7214,1986
7215,1986
7216,1986
7217,1986
7218,1986
7219,1986
7220,1986
7221,1986
7222,1986
7223,1986
7224,1986
7225,1986
7226,1986
7227,1986
7228,1986
7229,1986
7230,1986
7231,1986
7232,1986
7233,1986
7234,1986
7235,1986
7236,1986
7237,1986
7238,1986
7239,1986
7240,1986
7241,1986
7242,1986
7243,1986
7244,1986
7245,1986
7246,1986
7247,1986
7248,1986
7249,1986
7250,1986
7251,1986
7252,1986
7253,1986
7254,1986
7255,1986
7256,1986
7257,1986
7258,1986
7259,1986
7260,1986
7261,1986
7262,1986
7263,1986
7264,1986
7265,1986
7266,1986
7267,1986
7268,1986
7269,1986
7270,1986
7271,1986
7272,1986
7273,1986
7274,1986
7275,1986
7276,1986
7277,1986
7278,1986
7279,1986
7280,1986
7281,1986
7282,1986
7283,1986
7284,1986
7285,1986
7286,1986
7287,1986
7288,1986
7289,1986
7290,1986
7291,1986
7292,1986
7293,1986
7294,1986
7295,1986
7296,1986
7297,1986
7298,1986
7299,1986
7300,1986
7301,1986
7302,1986
7303,1986
7304,1986
7305,1986
7306,1986
7307,1986
7308,1986
7309,1986
7310,1986
7311,1986
7312,1986
7313,1986
7314,1986
7315,1986
7316,1986
7317,1986
7318,1986
7319,1986
7320,1986
7321,1986
7322,1986
7323,1986
7324,1986
7325,1986
7326,1986
7327,1986
7328,1986
7329,1986
7330,1986
7331,1986
7332,1986
7333,1986
7334,1986
7335,1986
7336,1986
7337,1995
7338,1995
7339,1995
7340,1995
7341,1995
7342,1995
7343,1995
7344,1995
7345,1995
7346,1995
7347,1995
7348,1995
7349,1995
7350,1995
7351,1995
7352,1995
7353,1995
7354,1995
7355,1995
7356,1995
7357,1995
7358,1995
7359,1995
7360,1995
7361,1995
7362,1995
7363,1995
7364,1995
7365,1995
7366,1995
7367,1995
7368,1995
7369,1995
7370,1995
7371,1995
7372,1995
7373,1995
7374,1995
7375,1995
7376,1995
7377,1995
7378,1995
7379,1995
7380,1995
7381,1995
7382,1995
7383,1995
7384,1996
7385,1996
7386,1996
7387,1996
7388,1996
7389,1996
7390,1996
7391,1996
7392,1996
7393,1996
7394,1996
7395,1996
7396,1996
7397,1996
7398,1996
7399,1996
7400,1996
7401,1996
7402,1996
7403,1996
7404,1996
7405,1996
7406,1996
7407,1996
7408,1996
7409,1996
7410,1996
7411,1996
7412,1996
7413,1996
7414,1996
7415,1996
7416,1996
7417,1996
7418,1996
7419,1996
7420,1996
7421,1996
7422,1996
7423,1996
7424,1996
7425,1996
7426,1996
7427,1996
7428,1996
7429,1996
7430,1996
7431,1996
7432,1996
7433,1996
7434,1996
7435,1996
7436,1996
7437,1996
7438,1996
7439,1996
7440,1996
7441,1996
7442,1996
7443,1996
7444,1996
7445,1996
7446,1996
7447,1996
7448,1996
7449,1996
7450,1996
7451,1996
7452,1996
7453,1996
7454,1996
7455,1996
7456,1996
7457,1996
7458,1996
7459,1996
7460,1996
7461,1996
7462,1996
7463,1996
7464,1996
7465,1996
7466,1996
7467,1996
7468,1996
7469,1996
7470,1996
7471,1996
7472,1996
7473,1996
7474,1996
7475,1996
7476,1997
7477,1997
7478,1997
7479,1997
7480,1997
7481,1997
7482,1997
7483,1997
7484,1997
7485,1997
7486,1997
7487,1997
7488,1997
7489,1997
7490,1997
7491,1997
7492,1997
7493,1997
7494,1997
7495,1997
7496,1997
7497,1997
7498,1997
7499,1998
7500,1998
7501,1998
7502,1998
7503,1998
7504,1998
7505,1998
7506,1998
7507,1998
7508,1998
7509,1998
7510,1998
7511,1998
7512,1998
7513,1998
7514,1998
7515,1998
7516,1998
7517,1998
7518,1998
7519,1998
7520,1998
7521,1998
7522,1998
7523,1998
7524,1998
7525,1998
7526,1998
7527,1998
7528,1998
7529,1998
7530,1998
7531,1998
7532,1998
7533,1998
7534,1998
7535,1998
7536,1998
7537,1998
7538,1998
7539,1998
7540,1998
7541,1998
7542,1998
7543,1998
7544,1998
7545,1998
7546,1998
7547,1998
7548,1998
7549,1998
7550,1998
7551,1998
7552,1998
7553,1998
7554,1998
7555,1998
7556,1998
7557,1998
7558,1998
7559,1998
7560,1998
7561,1998
7562,1998
7563,1998
7564,1998
7565,1998
7566,1998
7567,1998
7568,1998
7569,1998
7570,1998
7571,1998
7572,1998
7573,1998
7574,1998
7575,1998
7576,1998
7577,1998
7578,1998
7579,1998
7580,1998
7581,1998
7582,1998
7583,1998
7584,1998
7585,1998
7586,1998
7587,1998
7588,1998
7589,1998
7590,1998
7591,1998
7592,1998
7593,1998
7594,1998
7595,1998
7596,1998
7597,1998
7598,1998
7599,1998
7600,1998
7601,1998
7602,1998
7603,1998
7604,1998
7605,1998
7606,1998
7607,1998
7608,1998
7609,1998
7610,1998
7611,1998
7612,1998
7613,1998
7614,1998
7615,1998
7616,1998
7617,1998
7618,1998
7619,1998
7620,1998
7621,1998
7622,1998
7623,1998
7624,1998
7625,1998
7626,1998
7627,1998
7628,1998
7629,1998
7630,1998
7631,1998
7632,1998
7633,1998
7634,1998
7635,1998
7636,1998
7637,1998
7638,1998
7639,1998
7640,1998
7641,1998
7642,1998
7643,1998
7644,1998
7645,1998
7646,1998
7647,1998
7648,1998
7649,1998
7650,1998
7651,1998
7652,1998
7653,1998
7654,1998
7655,1998
7656,1998
7657,1998
7658,1998
7659,1998
7660,1998
7661,1998
7662,1998
7663,1998
7664,1998
7665,1998
7666,1998
7667,1998
7668,1998
7669,1998
7670,1998
7671,1998
7672,1998
7673,1998
7674,1998
7675,1998
7676,1999
7677,1999
7678,1999
7679,1999
7680,1999
7681,2003
7682,2003
7683,2003
7684,2003
7685,2003
7686,2003
7687,2003
7688,2003
7689,2003
7690,2003
7691,2003
7692,2003
7693,2003
7694,2003
7695,2003
7696,2003
7697,2003
7698,2003
7699,2003
7700,2003
7701,2003
7702,2003
7703,2003
7704,2003
7705,2003
7706,2003
7707,2003
7708,2003
7709,2003
7710,2003
7711,2003
7712,2003
7713,2012
7714,2012
7715,2012
7716,2012
7717,2012
7718,2012
7719,2012
7720,2012
7721,2012
7722,2012
7723,2012
7724,2012
7725,2012
7726,2012
7727,2012
7728,2012
7729,2012
7730,2012
7731,2012
7732,2012
7733,2012
7734,2012
7735,2012
7736,2012
7737,2012
7738,2012
7739,2012
7740,2012
7741,2012
7742,2012
7743,2012
7744,2012
7745,2012
7746,2012
7747,2012
7748,2012
7749,2012
7750,2012
7751,2012
7752,2012
7753,2012
7754,2012
7755,2012
7756,2012
7757,2012
7758,2012
7759,2012
7760,2012
7761,2012
7762,2012
7763,2012
7764,2012
7765,2012
7766,2014
7767,2014
7768,2014
7769,2014
7770,2014
7771,2014
7772,2014
7773,2014
7774,2014
7775,2014
7776,2014
7777,2014
7778,2014
7779,2014
7780,2014
7781,2014
7782,2014
7783,2014
7784,2014
7785,2014
7786,2014
7787,2014
7788,2014
7789,2014
7790,2014
7791,2014
7792,2014
7793,2014
7794,2014
7795,2014
7796,2014
7797,2014
7798,2014
7799,2014
7800,2014
7801,2014
7802,2014
7803,2014
7804,2014
7805,2014
7806,2014
7807,2014
7808,2014
7809,2014
7810,2014
7811,2014
7812,2014
7813,2014
7814,2014
7815,2014
7816,2014
7817,2014
7818,2014
7819,2014
7820,2014
7821,2014
7822,2014
7823,2014
7824,2014
7825,2014
7826,2014
7827,2014
7828,2014
7829,2014
7830,2014
7831,2014
7832,2014
7833,2014
7834,2014
7835,2014
7836,2014
7837,2014
7838,2014
7839,2014
7840,2014
7841,2014
7842,2014
7843,2014
7844,2014
7845,2014
7846,2014
7847,2014
7848,2014
7849,2014
7850,2014
7851,2014
7852,2014
7853,2014
7854,2014
7855,2014
7856,2014
7857,2014
7858,2014
7859,2014
7860,2014
7861,2014
7862,2015
7863,2015
7864,2015
7865,2015
7866,2015
7867,2015
7868,2015
7869,2015
7870,2015
7871,2015
7872,2015
7873,2015
7874,2015
7875,2015
7876,2015
7877,2015
7878,2016
7879,2016
7880,2016
7881,2016
7882,2016
7883,2016
7884,2016
7885,2016
7886,2016
7887,2016
7888,2016
7889,2016
7890,2016
7891,2016
7892,2016
7893,2016
7894,2016
7895,2016
7896,2017
7897,2017
7898,2017
7899,2017
7900,2017
7901,2017
7902,2017
7903,2017
7904,2017
7905,2017
7906,2017
7907,2017
7908,2017
7909,2017
7910,2017
7911,2017
7912,2017
7913,2017
7914,2017
7915,2017
7916,2017
7917,2017
7918,2017
7919,2017
7920,2017
7921,2017
7922,2017
7923,2017
7924,2017
7925,2017
7926,2017
7927,2017
7928,2017
7929,2017
7930,2017
7931,2017
7932,2017
7933,2017
7934,2017
7935,2017
7936,2017
7937,2017
7938,2017
7939,2017
7940,2017
7941,2017
7942,2017
7943,2017
7944,2017
7945,2017
7946,2017
7947,2017
7948,2017
7949,2017
7950,2017
7951,2017
7952,2017
7953,2017
7954,2017
7955,2017
7956,2017
7957,2017
7958,2017
7959,2017
7960,2017
7961,2017
7962,2017
7963,2017
7964,2017
7965,2017
7966,2017
7967,2017
7968,2017
7969,2017
7970,2017
7971,2017
7972,2017
7973,2017
7974,2017
7975,2017
7976,2017
7977,2017
7978,2017
7979,2017
7980,2017
7981,2017
7982,2017
7983,2017
7984,2017
7985,2017
7986,2017
7987,2017
7988,2017
7989,2017
7990,2017
7991,2017
7992,2017
7993,2017
7994,2017
7995,2017
7996,2017
7997,2017
7998,2017
7999,2017
8000,2017
8001,2017
8002,2017
8003,2017
8004,2017
8005,2017
8006,2017
8007,2017
8008,2017
8009,2017
8010,2017
8011,2017
8012,2017
8013,2017
8014,2017
8015,2017
8016,2017
8017,2017
8018,2017
8019,2017
8020,2017
8021,2017
8022,2017
8023,2017
8024,2017
8025,2017
8026,2017
8027,2017
8028,2017
8029,2017
8030,2017
8031,2017
8032,2017
8033,2017
8034,2017
8035,2017
8036,2017
8037,2017
8038,2017
8039,2017
8040,2017
8041,2017
8042,2017
8043,2017
8044,2017
8045,2017
8046,2017
8047,2017
8048,2017
8049,2017
8050,2017
8051,2017
8052,2017
8053,2017
8054,2017
8055,2017
8056,2017
8057,2017
8058,2017
8059,2017
8060,2017
8061,2017
8062,2017
8063,2017
8064,2017
8065,2017
8066,2017
8067,2017
8068,2017
8069,2017
8070,2017
8071,2017
8072,2017
8073,2017
8074,2017
8075,2017
8076,2017
8077,2017
8078,2017
8079,2017
8080,2017
8081,2017
8082,2017
8083,2017
8084,2017
8085,2017
8086,2017
8087,2017
8088,2017
8089,2017
8090,2017
8091,2017
8092,2017
8093,2017
8094,2017
8095,2017
8096,2017
8097,2017
8098,2017
8099,2017
8100,2017
8101,2017
8102,2017
8103,2017
8104,2017
8105,2017
8106,2017
8107,2017
8108,2017
8109,2017
8110,2017
8111,2017
8112,2017
8113,2017
8114,2017
8115,2017
8116,2017
8117,2017
8118,2017
8119,2017
8120,2017
8121,2017
8122,2017
8123,2017
8124,2017
8125,2017
8126,2017
8127,2017
8128,2017
8129,2017
8130,2017
8131,2017
8132,2017
8133,2017
8134,2017
8135,2017
8136,2017
8137,2017
8138,2017
8139,2017
8140,2017
8141,2017
8142,2017
8143,2017
8144,2017
8145,2017
8146,2017
8147,2017
8148,2017
8149,2017
8150,2017
8151,2017
8152,2017
8153,2017
8154,2017
8155,2017
8156,2017
8157,2017
8158,2017
8159,2017
8160,2017
8161,2017
8162,2017
8163,2017
8164,2017
8165,2017
8166,2017
8167,2017
8168,2017
8169,2017
8170,2017
8171,2017
8172,2017
8173,2017
8174,2017
8175,2017
8176,2017
8177,2017
8178,2019
8179,2019
8180,2019
8181,2019
8182,2019
8183,2019
8184,2019
8185,2019
8186,2019
8187,2019
8188,2019
8189,2019
8190,2019
8191,2019
8192,2019
8193,2019
8194,2019
8195,2019
8196,2019
8197,2019
8198,2019
8199,2019
8200,2019
8201,2019
8202,2019
8203,2019
8204,2019
8205,2019
8206,2019
8207,2019
8208,2019
8209,2019
8210,2019
8211,2020
8212,2020
8213,2020
8214,2020
8215,2020
8216,2020
8217,2033
8218,2033
8219,2033
8220,2033
8221,2033
8222,2038
8223,2038
8224,2038
8225,2038
8226,2038
8227,2038
8228,2038
8229,2038
8230,2038
8231,2038
8232,2038
8233,2038
8234,2038
8235,2038
8236,2038
8237,2038
8238,2038
8239,2038
8240,2038
8241,2038
8242,2038
8243,2038
8244,2038
8245,2038
8246,2038
8247,2038
8248,2038
8249,2038
8250,2038
8251,2038
8252,2038
8253,2038
8254,2038
8255,2038
8256,2038
8257,2038
8258,2038
8259,2038
8260,2038
8261,2038
8262,2038
8263,2039
8264,2039
8265,2039
8266,2039
8267,2039
8268,2039
8269,2039
8270,2039
8271,2041
8272,2041
8273,2041
8274,2041
8275,2041
8276,2041
8277,2041
8278,2041
8279,2041
8280,2041
8281,2041
8282,2041
8283,2041
8284,2041
8285,2041
8286,2041
8287,2041
8288,2041
8289,2041
8290,2041
8291,2041
8292,2041
8293,2041
8294,2041
8295,2041
8296,2041
8297,2041
8298,2041
8299,2041
8300,2041
8301,2041
8302,2041
8303,2041
8304,2041
8305,2041
8306,2041
8307,2041
8308,2041
8309,2041
8310,2041
8311,2041
8312,2041
8313,2041
8314,2041
8315,2041
8316,2041
8317,2041
8318,2041
8319,2041
8320,2041
8321,2041
8322,2041
8323,2041
8324,2041
8325,2041
8326,2041
8327,2041
8328,2041
8329,2041
8330,2041
8331,2041
8332,2041
8333,2041
8334,2041
8335,2041
8336,2041
8337,2041
8338,2041
8339,2041
8340,2041
8341,2041
8342,2041
8343,2041
8344,2041
8345,2041
8346,2041
8347,2041
8348,2041
8349,2041
8350,2041
8351,2041
8352,2041
8353,2041
8354,2041
8355,2041
8356,2041
8357,2041
8358,2041
8359,2041
8360,2041
8361,2041
8362,2041
8363,2041
8364,2041
8365,2041
8366,2041
8367,2041
8368,2041
8369,2041
8370,2041
8371,2041
8372,2041
8373,2041
8374,2041
8375,2041
8376,2041
8377,2041
8378,2041
8379,2041
8380,2041
8381,2041
8382,2041
8383,2041
8384,2041
8385,2041
8386,2041
8387,2041
8388,2041
8389,2041
8390,2041
8391,2041
8392,2041
8393,2041
8394,2041
8395,2041
8396,2041
8397,2041
8398,2041
8399,2041
8400,2041
8401,2041
8402,2041
8403,2041
8404,2041
8405,2041
8406,2041
8407,2041
8408,2041
8409,2041
8410,2041
8411,2041
8412,2041
8413,2041
8414,2041
8415,2041
8416,2041
8417,2041
8418,2041
8419,2047
8420,2047
8421,2047
8422,2047
8423,2047
8424,2047
8425,2047
8426,2047
8427,2047
8428,2047
8429,2047
8430,2047
8431,2047
8432,2047
8433,2047
8434,2047
8435,2047
8436,2047
8437,2047
8438,2047
8439,2047
8440,2047
8441,2047
8442,2047
8443,2047
8444,2047
8445,2047
8446,2047
8447,2047
8448,2047
8449,2047
8450,2047
8451,2047
8452,2048
8453,2048
8454,2048
8455,2048
8456,2048
8457,2048
8458,2048
8459,2048
8460,2048
8461,2048
8462,2048
8463,2048
8464,2048
8465,2048
8466,2048
8467,2048
8468,2048
8469,2048
8470,2048
8471,2048
8472,2048
8473,2048
8474,2048
8475,2048
8476,2048
8477,2048
8478,2048
8479,2048
8480,2048
8481,2048
8482,2048
8483,2048
8484,2048
8485,2048
8486,2048
8487,2048
8488,2048
8489,2048
8490,2048
8491,2048
8492,2048
8493,2048
8494,2048
8495,2048
8496,2048
8497,2048
8498,2048
8499,2048
8500,2048
8501,2048
8502,2048
8503,2048
8504,2048
8505,2048
8506,2048
8507,2048
8508,2048
8509,2048
8510,2048
8511,2048
8512,2048
8513,2048
8514,2048
8515,2048
8516,2048
8517,2048
8518,2048
8519,2048
8520,2048
8521,2048
8522,2048
8523,2048
8524,2048
8525,2048
8526,2048
8527,2048
8528,2048
8529,2048
8530,2048
8531,2048
8532,2048
8533,2048
8534,2048
8535,2048
8536,2048
8537,2048
8538,2048
8539,2048
8540,2048
8541,2048
8542,2048
8543,2048
8544,2048
8545,2048
8546,2048
8547,2048
8548,2048
8549,2048
8550,2048
8551,2048
8552,2048
8553,2048
8554,2048
8555,2048
8556,2048
8557,2048
8558,2048
8559,2048
8560,2048
8561,2048
8562,2048
8563,2048
8564,2048
8565,2048
8566,2048
8567,2048
8568,2048
8569,2048
8570,2048
8571,2048
8572,2048
8573,2048
8574,2048
8575,2048
8576,2048
8577,2048
8578,2049
8579,2049
8580,2049
8581,2049
8582,2049
8583,2049
8584,2049
8585,2049
8586,2049
8587,2049
8588,2049
8589,2049
8590,2049
8591,2049
8592,2049
8593,2049
8594,2049
8595,2049
8596,2049
8597,2049
8598,2049
8599,2049
8600,2049
8601,2049
8602,2049
8603,2049
8604,2057
8605,2057
8606,2057
8607,2057
8608,2057
8609,2057
8610,2057
8611,2057
8612,2057
8613,2057
8614,2057
8615,2057
8616,2057
8617,2057
8618,2057
8619,2057
8620,2057
8621,2057
8622,2057
8623,2057
8624,2057
8625,2057
8626,2057
8627,2057
8628,2057
8629,2057
8630,2057
8631,2057
8632,2057
8633,2057
8634,2057
8635,2057
8636,2057
8637,2057
8638,2057
8639,2057
8640,2057
8641,2057
8642,2057
8643,2057
8644,2057
8645,2057
8646,2057
8647,2057
8648,2057
8649,2057
8650,2057
8651,2057
8652,2057
8653,2057
8654,2057
8655,2057
8656,2057
8657,2057
8658,2057
8659,2057
8660,2057
8661,2057
8662,2057
8663,2057
8664,2057
8665,2057
8666,2057
8667,2057
8668,2057
8669,2057
8670,2057
8671,2057
8672,2057
8673,2057
8674,2057
8675,2057
8676,2068
8677,2068
8678,2068
8679,2068
8680,2068
8681,2068
8682,2068
8683,2068
8684,2068
8685,2068
8686,2068
8687,2068
8688,2068
8689,2068
8690,2068
8691,2068
8692,2068
8693,2068
8694,2068
8695,2068
8696,2068
8697,2068
8698,2068
8699,2068
8700,2068
8701,2068
8702,2068
8703,2068
8704,2068
8705,2068
8706,2068
8707,2068
8708,2068
8709,2068
8710,2068
8711,2068
8712,2068
8713,2068
8714,2068
8715,2068
8716,2068
8717,2068
8718,2072
8719,2072
8720,2073
8721,2073
8722,2073
8723,2073
8724,2074
8725,2074
8726,2074
8727,2074
8728,2074
8729,2074
8730,2074
8731,2074
8732,2074
8733,2074
8734,2074
8735,2074
8736,2074
8737,2074
8738,2074
8739,2074
8740,2074
8741,2074
8742,2074
8743,2074
8744,2074
8745,2074
8746,2074
8747,2074
8748,2074
8749,2074
8750,2074
8751,2076
8752,2076
8753,2076
8754,2076
8755,2076
8756,2076
8757,2076
8758,2076
8759,2076
8760,2076
8761,2076
8762,2076
8763,2076
8764,2076
8765,2076
8766,2076
8767,2076
8768,2076
8769,2076
8770,2076
8771,2076
8772,2076
8773,2076
8774,2076
8775,2076
8776,2076
8777,2076
8778,2076
8779,2076
8780,2076
8781,2076
8782,2076
8783,2076
8784,2076
8785,2076
8786,2076
8787,2076
8788,2076
8789,2076
8790,2076
8791,2076
8792,2076
8793,2076
8794,2076
8795,2076
8796,2076
8797,2076
8798,2076
8799,2076
8800,2076
8801,2076
8802,2076
8803,2076
8804,2076
8805,2076
8806,2076
8807,2076
8808,2076
8809,2076
8810,2076
8811,2076
8812,2076
8813,2076
8814,2076
8815,2076
8816,2076
8817,2076
8818,2076
8819,2076
8820,2076
8821,2076
8822,2076
8823,2076
8824,2076
8825,2076
8826,2076
8827,2076
8828,2076
8829,2076
8830,2076
8831,2076
8832,2076
8833,2076
8834,2076
8835,2076
8836,2076
8837,2076
8838,2076
8839,2076
8840,2076
8841,2076
8842,2076
8843,2076
8844,2076
8845,2076
8846,2076
8847,2076
8848,2076
8849,2076
8850,2076
8851,2076
8852,2076
8853,2076
8854,2076
8855,2076
8856,2076
8857,2076
8858,2076
8859,2076
8860,2076
8861,2076
8862,2076
8863,2076
8864,2076
8865,2084
8866,2084
8867,2084
8868,2084
8869,2084
8870,2084
8871,2084
8872,2084
8873,2084
8874,2084
8875,2084
8876,2084
8877,2084
8878,2084
8879,2084
8880,2084
8881,2084
8882,2084
8883,2084
8884,2084
8885,2084
8886,2084
8887,2084
8888,2084
8889,2084
8890,2084
8891,2084
8892,2084
8893,2084
8894,2084
8895,2084
8896,2084
8897,2084
8898,2084
8899,2084
8900,2084
8901,2084
8902,2084
8903,2084
8904,2084
8905,2084
8906,2084
8907,2084
8908,2084
8909,2084
8910,2084
8911,2084
8912,2084
8913,2084
8914,2084
8915,2084
8916,2084
8917,2084
8918,2084
8919,2084
8920,2084
8921,2084
8922,2084
8923,2084
8924,2084
8925,2084
8926,2084
8927,2084
8928,2084
8929,2084
8930,2084
8931,2084
8932,2084
8933,2084
8934,2084
8935,2084
8936,2084
8937,2084
8938,2084
8939,2084
8940,2084
8941,2084
8942,2084
8943,2084
8944,2084
8945,2084
8946,2084
8947,2084
8948,2084
8949,2084
8950,2084
8951,2084
8952,2084
8953,2084
8954,2084
8955,2084
8956,2084
8957,2084
8958,2084
8959,2084
8960,2084
8961,2084
8962,2084
8963,2084
8964,2084
8965,2084
8966,2084
8967,2084
8968,2084
8969,2084
8970,2084
8971,2084
8972,2084
8973,2084
8974,2084
8975,2084
8976,2084
8977,2084
8978,2084
8979,2084
8980,2084
8981,2084
8982,2085
8983,2085
8984,2085
8985,2085
8986,2087
8987,2087
8988,2087
8989,2087
8990,2087
8991,2087
8992,2087
8993,2087
8994,2087
8995,2087
8996,2087
8997,2087
8998,2087
8999,2087
9000,2087
9001,2087
9002,2087
9003,2087
9004,2087
9005,2087
9006,2087
9007,2087
9008,2087
9009,2087
9010,2087
9011,2087
9012,2087
9013,2087
9014,2087
9015,2087
9016,2087
9017,2087
9018,2087
9019,2087
9020,2087
9021,2087
9022,2087
9023,2087
9024,2087
9025,2087
9026,2087
9027,2087
9028,2087
9029,2087
9030,2087
9031,2087
9032,2087
9033,2087
9034,2087
9035,2087
9036,2087
9037,2087
9038,2087
9039,2087
9040,2087
9041,2087
9042,2087
9043,2087
9044,2087
9045,2087
9046,2087
9047,2087
9048,2087
9049,2087
9050,2087
9051,2087
9052,2087
9053,2087
9054,2087
9055,2087
9056,2087
9057,2087
9058,2087
9059,2087
9060,2087
9061,2087
9062,2087
9063,2087
9064,2087
9065,2087
9066,2087
9067,2087
9068,2087
9069,2087
9070,2087
9071,2087
9072,2087
9073,2087
9074,2087
9075,2087
9076,2087
9077,2087
9078,2087
9079,2089
9080,2089
9081,2089
9082,2089
9083,2089
9084,2089
9085,2089
9086,2089
9087,2089
9088,2089
9089,2089
9090,2089
9091,2089
9092,2089
9093,2089
9094,2089
9095,2089
9096,2089
9097,2089
9098,2089
9099,2089
9100,2089
9101,2089
9102,2089
9103,2089
9104,2089
9105,2089
9106,2089
9107,2089
9108,2089
9109,2089
9110,2089
9111,2089
9112,2089
9113,2089
9114,2089
9115,2089
9116,2089
9117,2089
9118,2089
9119,2089
9120,2089
9121,2089
9122,2089
9123,2089
9124,2089
9125,2089
9126,2089
9127,2089
9128,2089
9129,2089
9130,2089
9131,2089
9132,2089
9133,2089
9134,2089
9135,2089
9136,2089
9137,2089
9138,2089
9139,2089
9140,2089
9141,2089
9142,2089
9143,2089
9144,2089
9145,2089
9146,2089
9147,2089
9148,2089
9149,2089
9150,2089
9151,2089
9152,2089
9153,2089
9154,2089
9155,2089
9156,2089
9157,2089
9158,2089
9159,2089
9160,2089
9161,2089
9162,2089
9163,2089
9164,2089
9165,2089
9166,2089
9167,2089
9168,2089
9169,2089
9170,2089
9171,2089
9172,2089
9173,2089
9174,2089
9175,2089
9176,2089
9177,2089
9178,2089
9179,2089
9180,2089
9181,2089
9182,2089
9183,2089
9184,2089
9185,2089
9186,2102
9187,2102
9188,2102
9189,2102
9190,2102
9191,2102
9192,2102
9193,2102
9194,2102
9195,2102
9196,2102
9197,2102
9198,2102
9199,2102
9200,2102
9201,2102
9202,2102
9203,2102
9204,2102
9205,2102
9206,2102
9207,2102
9208,2102
9209,2102
9210,2102
9211,2102
9212,2102
9213,2102
9214,2102
9215,2102
9216,2102
9217,2102
9218,2102
9219,2102
9220,2102
9221,2107
9222,2107
9223,2107
9224,2107
9225,2107
9226,2107
9227,2107
9228,2107
9229,2107
9230,2107
9231,2107
9232,2107
9233,2107
9234,2107
9235,2107
9236,2107
9237,2107
9238,2107
9239,2107
9240,2107
9241,2107
9242,2107
9243,2107
9244,2107
9245,2107
9246,2107
9247,2107
9248,2107
9249,2107
9250,2107
9251,2107
9252,2107
9253,2107
9254,2107
9255,2107
9256,2107
9257,2107
9258,2107
9259,2107
9260,2107
9261,2107
9262,2107
9263,2107
9264,2107
9265,2107
9266,2107
9267,2107
9268,2107
9269,2107
9270,2107
9271,2107
9272,2107
9273,2107
9274,2107
9275,2107
9276,2107
9277,2107
9278,2107
9279,2107
9280,2107
9281,2107
9282,2107
9283,2107
9284,2107
9285,2107
9286,2107
9287,2107
9288,2107
9289,2107
9290,2107
9291,2107
9292,2107
9293,2107
9294,2107
9295,2107
9296,2107
9297,2107
9298,2107
9299,2107
9300,2107
9301,2107
9302,2107
9303,2107
9304,2107
9305,2107
9306,2107
9307,2107
9308,2107
9309,2107
9310,2107
9311,2107
9312,2107
9313,2107
9314,2107
9315,2107
9316,2107
9317,2107
9318,2107
9319,2107
9320,2107
9321,2107
9322,2107
9323,2107
9324,2107
9325,2107
9326,2107
9327,2107
9328,2107
9329,2107
9330,2107
9331,2107
9332,2107
9333,2107
9334,2107
9335,2107
9336,2107
9337,2107
9338,2107
9339,2107
9340,2107
9341,2107
9342,2107
9343,2107
9344,2107
9345,2107
9346,2107
9347,2107
9348,2107
9349,2107
9350,2107
9351,2107
9352,2107
9353,2107
9354,2107
9355,2107
9356,2107
9357,2107
9358,2107
9359,2107
9360,2107
9361,2107
9362,2107
9363,2107
9364,2107
9365,2107
9366,2107
9367,2107
9368,2107
9369,2107
9370,2107
9371,2107
9372,2107
9373,2107
9374,2107
9375,2107
9376,2107
9377,2107
9378,2107
9379,2107
9380,2107
9381,2107
9382,2107
9383,2107
9384,2107
9385,2107
9386,2107
9387,2107
9388,2107
9389,2107
9390,2107
9391,2107
9392,2107
9393,2107
9394,2107
9395,2107
9396,2107
9397,2107
9398,2107
9399,2107
9400,2107
9401,2107
9402,2107
9403,2107
9404,2107
9405,2107
9406,2107
9407,2107
9408,2107
9409,2107
9410,2107
9411,2107
9412,2107
9413,2107
9414,2107
9415,2111
9416,2111
9417,2111
9418,2111
9419,2111
9420,2111
9421,2111
9422,2111
9423,2111
9424,2111
9425,2111
9426,2111
9427,2111
9428,2111
9429,2111
9430,2111
9431,2111
9432,2111
9433,2111
9434,2111
9435,2111
9436,2111
9437,2111
9438,2111
9439,2111
9440,2111
9441,2111
9442,2111
9443,2111
9444,2111
9445,2111
9446,2111
9447,2111
9448,2111
9449,2111
9450,2111
9451,2111
9452,2111
9453,2111
9454,2111
9455,2111
9456,2111
9457,2111
9458,2111
9459,2111
9460,2111
9461,2111
9462,2111
9463,2111
9464,2111
9465,2111
9466,2111
9467,2111
9468,2111
9469,2111
9470,2111
9471,2111
9472,2111
9473,2111
9474,2111
9475,2111
9476,2111
9477,2111
9478,2111
9479,2111
9480,2111
9481,2111
9482,2111
9483,2111
9484,2111
9485,2111
9486,2111
9487,2111
9488,2111
9489,2111
9490,2111
9491,2111
9492,2111
9493,2111
9494,2111
9495,2111
9496,2111
9497,2111
9498,2113
9499,2113
9500,2113
9501,2113
9502,2113
9503,2113
9504,2113
9505,2113
9506,2113
9507,2113
9508,2113
9509,2113
9510,2113
9511,2113
9512,2113
9513,2113
9514,2113
9515,2113
9516,2113
9517,2113
9518,2113
9519,2113
9520,2113
9521,2113
9522,2113
9523,2113
9524,2113
9525,2113
9526,2113
9527,2113
9528,2113
9529,2113
9530,2113
9531,2113
9532,2113
9533,2113
9534,2113
9535,2113
9536,2113
9537,2113
9538,2113
9539,2113
9540,2113
9541,2113
9542,2113
9543,2113
9544,2113
9545,2113
9546,2113
9547,2113
9548,2113
9549,2113
9550,2113
9551,2113
9552,2113
9553,2113
9554,2113
9555,2113
9556,2113
9557,2113
9558,2113
9559,2113
9560,2113
9561,2113
9562,2113
9563,2113
9564,2113
9565,2113
9566,2113
9567,2113
9568,2113
9569,2113
9570,2113
9571,2113
9572,2113
9573,2113
9574,2113
9575,2113
9576,2113
9577,2113
9578,2113
9579,2113
9580,2113
9581,2113
9582,2113
9583,2113
9584,2113
9585,2113
9586,2113
9587,2113
9588,2113
9589,2113
9590,2113
9591,2113
9592,2113
9593,2113
9594,2113
9595,2113
9596,2113
9597,2113
9598,2113
9599,2113
9600,2113
9601,2113
9602,2113
9603,2113
9604,2113
9605,2113
9606,2113
9607,2113
9608,2113
9609,2113
9610,2113
9611,2113
9612,2113
9613,2113
9614,2113
9615,2113
9616,2113
9617,2113
9618,2113
9619,2113
9620,2113
9621,2113
9622,2113
9623,2113
9624,2113
9625,2113
9626,2113
9627,2113
9628,2113
9629,2113
9630,2113
9631,2113
9632,2113
9633,2113
9634,2113
9635,2113
9636,2113
9637,2113
9638,2113
9639,2113
9640,2113
9641,2113
9642,2113
9643,2113
9644,2113
9645,2113
9646,2113
9647,2113
9648,2113
9649,2113
9650,2113
9651,2113
9652,2113
9653,2113
9654,2113
9655,2113
9656,2113
9657,2113
9658,2113
9659,2114
9660,2114
9661,2114
9662,2114
9663,2114
9664,2114
9665,2114
9666,2114
9667,2114
9668,2114
9669,2114
9670,2114
9671,2114
9672,2114
9673,2114
9674,2114
9675,2114
9676,2114
9677,2114
9678,2114
9679,2114
9680,2114
9681,2114
9682,2114
9683,2114
9684,2114
9685,2114
9686,2114
9687,2114
9688,2114
9689,2114
9690,2114
9691,2114
9692,2114
9693,2114
9694,2114
9695,2114
9696,2114
9697,2114
9698,2114
9699,2114
9700,2114
9701,2114
9702,2114
9703,2114
9704,2114
9705,2114
9706,2114
9707,2114
9708,2114
9709,2114
9710,2114
9711,2114
9712,2114
9713,2114
9714,2114
9715,2114
9716,2114
9717,2114
9718,2114
9719,2114
9720,2114
9721,2114
9722,2114
9723,2114
9724,2114
9725,2114
9726,2114
9727,2114
9728,2114
9729,2114
9730,2114
9731,2114
9732,2118
9733,2118
9734,2118
9735,2118
9736,2118
9737,2118
9738,2118
9739,2118
9740,2118
9741,2118
9742,2118
9743,2118
9744,2118
9745,2118
9746,2118
9747,2118
9748,2118
9749,2118
9750,2118
9751,2118
9752,2118
9753,2118
9754,2118
9755,2118
9756,2118
9757,2118
9758,2118
9759,2118
9760,2118
9761,2118
9762,2118
9763,2118
9764,2118
9765,2118
9766,2118
9767,2118
9768,2118
9769,2118
9770,2118
9771,2118
9772,2118
9773,2118
9774,2118
9775,2118
9776,2118
9777,2118
9778,2118
9779,2118
9780,2118
9781,2118
9782,2118
9783,2118
9784,2118
9785,2118
9786,2118
9787,2118
9788,2118
9789,2118
9790,2118
9791,2118
9792,2118
9793,2118
9794,2118
9795,2118
9796,2118
9797,2118
9798,2118
9799,2118
9800,2118
9801,2118
9802,2118
9803,2118
9804,2118
9805,2118
9806,2118
9807,2118
9808,2118
9809,2118
9810,2118
9811,2118
9812,2118
9813,2118
9814,2118
9815,2118
9816,2118
9817,2118
9818,2118
9819,2118
9820,2118
9821,2118
9822,2118
9823,2118
9824,2118
9825,2118
9826,2118
9827,2118
9828,2118
9829,2118
9830,2118
9831,2118
9832,2118
9833,2118
9834,2118
9835,2118
9836,2118
9837,2118
9838,2118
9839,2118
9840,2118
9841,2118
9842,2118
9843,2118
9844,2118
9845,2118
9846,2130
9847,2130
9848,2130
9849,2130
9850,2130
9851,2130
9852,2130
9853,2130
9854,2130
9855,2130
9856,2130
9857,2130
9858,2130
9859,2130
9860,2130
9861,2130
9862,2130
9863,2130
9864,2130
9865,2130
9866,2130
9867,2130
9868,2130
9869,2130
9870,2130
9871,2130
9872,2130
9873,2130
9874,2130
9875,2130
9876,2130
9877,2130
9878,2130
9879,2130
9880,2135
9881,2135
9882,2135
9883,2135
9884,2135
9885,2135
9886,2135
9887,2135
9888,2135
9889,2135
9890,2135
9891,2135
9892,2135
9893,2135
9894,2136
9895,2136
9896,2136
9897,2136
9898,2136
9899,2136
9900,2136
9901,2136
9902,2136
9903,2136
9904,2136
9905,2136
9906,2136
9907,2136
9908,2136
9909,2136
9910,2136
9911,2136
9912,2136
9913,2136
9914,2136
9915,2136
9916,2136
9917,2136
9918,2136
9919,2136
9920,2136
9921,2136
9922,2136
9923,2136
9924,2136
9925,2136
9926,2136
9927,2136
9928,2136
9929,2136
9930,2136
9931,2136
9932,2136
9933,2136
9934,2136
9935,2136
9936,2136
9937,2136
9938,2136
9939,2136
9940,2136
9941,2136
9942,2136
9943,2136
9944,2136
9945,2136
9946,2136
9947,2136
9948,2136
9949,2136
9950,2136
9951,2136
9952,2136
9953,2136
9954,2136
9955,2136
9956,2136
9957,2136
9958,2142
9959,2148
9960,2148
9961,2148
9962,2148
9963,2148
9964,2148
9965,2148
9966,2148
9967,2148
9968,2148
9969,2148
9970,2148
9971,2148
9972,2148
9973,2148
9974,2148
9975,2148
9976,2148
9977,2148
9978,2148
9979,2148
9980,2148
9981,2148
9982,2148
9983,2148
9984,2148
9985,2148
9986,2148
9987,2148
9988,2148
9989,2156
9990,2156
9991,2156
9992,2156
9993,2156
9994,2156
9995,2156
9996,2156
9997,2156
9998,2156
9999,2156
10000,2165
10001,2165
10002,2165
10003,2165
10004,2165
10005,2165
10006,2165
10007,2165
10008,2165
10009,2165
10010,2165
10011,2165
10012,2165
10013,2165
10014,2165
10015,2165
10016,2165
10017,2165
10018,2165
10019,2165
10020,2165
10021,2165
10022,2165
10023,2165
10024,2165
10025,2165
10026,2165
10027,2165
10028,2165
10029,2165
10030,2165
10031,2165
10032,2165
10033,2165
10034,2165
10035,2165
10036,2165
10037,2165
10038,2165
10039,2165
10040,2165
10041,2165
10042,2165
10043,2165
10044,2165
10045,2165
10046,2165
10047,2165
10048,2165
10049,2165
10050,2165
10051,2165
10052,2165
10053,2165
10054,2165
10055,2165
10056,2165
10057,2165
10058,2165
10059,2165
10060,2165
10061,2165
10062,2165
10063,2165
10064,2165
10065,2165
10066,2165
10067,2165
10068,2165
10069,2165
10070,2165
10071,2165
10072,2165
10073,2165
10074,2165
10075,2165
10076,2165
10077,2165
10078,2165
10079,2165
10080,2165
10081,2165
10082,2165
10083,2165
10084,2165
10085,2165
10086,2165
10087,2165
10088,2165
10089,2165
10090,2165
10091,2165
10092,2165
10093,2165
10094,2165
10095,2165
10096,2165
10097,2165
10098,2165
10099,2165
10100,2165
10101,2165
10102,2165
10103,2165
10104,2165
10105,2165
10106,2165
10107,2165
10108,2165
10109,2165
10110,2165
10111,2165
10112,2165
10113,2165
10114,2165
10115,2165
10116,2165
10117,2165
10118,2165
10119,2165
10120,2165
10121,2165
10122,2165
10123,2165
10124,2165
10125,2165
10126,2165
10127,2165
10128,2165
10129,2165
10130,2165
10131,2165
10132,2165
10133,2165
10134,2165
10135,2165
10136,2165
10137,2165
10138,2165
10139,2165
10140,2165
10141,2165
10142,2165
10143,2165
10144,2165
10145,2165
10146,2178
10147,2178
10148,2178
10149,2178
10150,2178
10151,2178
10152,2178
10153,2178
10154,2180
10155,2180
10156,2180
10157,2180
10158,2180
10159,2180
10160,2180
10161,2180
10162,2180
10163,2180
10164,2180
10165,2180
10166,2180
10167,2180
10168,2180
10169,2180
10170,2180
10171,2180
10172,2180
10173,2180
10174,2180
10175,2180
10176,2180
10177,2180
10178,2180
10179,2180
10180,2180
10181,2180
10182,2180
10183,2180
10184,2180
10185,2180
10186,2180
10187,2180
10188,2180
10189,2180
10190,2180
10191,2189
10192,2189
10193,2189
10194,2189
10195,2189
10196,2189
10197,2189
10198,2189
10199,2189
10200,2189
10201,2189
10202,2189
10203,2194
10204,2194
10205,2194
10206,2194
10207,2194
10208,2194
10209,2194
10210,2194
10211,2194
10212,2194
10213,2194
10214,2194
10215,2194
10216,2194
10217,2204
10218,2204
10219,2204
10220,2204
10221,2204
10222,2204
10223,2204
10224,2204
10225,2204
10226,2204
10227,2204
10228,2204
10229,2204
10230,2204
10231,2204
10232,2204
10233,2204
10234,2204
10235,2204
10236,2204
10237,2204
10238,2208
10239,2208
10240,2208
10241,2208
10242,2208
10243,2208
10244,2208
10245,2208
10246,2208
10247,2208
10248,2208
10249,2208
10250,2208
10251,2208
10252,2208
10253,2208
10254,2208
10255,2208
10256,2208
10257,2208
10258,2208
10259,2208
10260,2208
10261,2208
10262,2208
10263,2208
10264,2208
10265,2208
10266,2208
10267,2208
10268,2208
10269,2208
10270,2208
10271,2208
10272,2208
10273,2208
10274,2208
10275,2208
10276,2208
10277,2208
10278,2208
10279,2208
10280,2208
10281,2208
10282,2208
10283,2208
10284,2208
10285,2208
10286,2208
10287,2208
10288,2208
10289,2208
10290,2208
10291,2208
10292,2208
10293,2208
10294,2208
10295,2208
10296,2208
10297,2208
10298,2208
10299,2208
10300,2208
10301,2208
10302,2208
10303,2208
10304,2208
10305,2208
10306,2208
10307,2208
10308,2208
10309,2208
10310,2208
10311,2208
10312,2208
10313,2208
10314,2208
10315,2208
10316,2208
10317,2208
10318,2208
10319,2208
10320,2208
10321,2208
10322,2208
10323,2208
10324,2208
10325,2208
10326,2208
10327,2208
10328,2208
10329,2208
10330,2208
10331,2208
10332,2208
10333,2208
10334,2208
10335,2208
10336,2208
10337,2208
10338,2208
10339,2208
10340,2208
10341,2208
10342,2208
10343,2208
10344,2208
10345,2208
10346,2208
10347,2208
10348,2208
10349,2208
10350,2208
10351,2208
10352,2208
10353,2208
10354,2208
10355,2208
10356,2208
10357,2208
10358,2208
10359,2208
10360,2208
10361,2208
10362,2208
10363,2208
10364,2211
10365,2211
10366,2211
10367,2211
10368,2211
10369,2211
10370,2211
10371,2211
10372,2211
10373,2211
10374,2211
10375,2211
10376,2211
10377,2211
10378,2211
10379,2211
10380,2211
10381,2211
10382,2211
10383,2211
10384,2211
10385,2211
10386,2211
10387,2211
10388,2211
10389,2211
10390,2211
10391,2211
10392,2211
10393,2211
10394,2214
10395,2214
10396,2214
10397,2214
10398,2214
10399,2214
10400,2214
10401,2214
10402,2214
10403,2214
10404,2214
10405,2214
10406,2214
10407,2214
10408,2214
10409,2214
10410,2214
10411,2214
10412,2214
10413,2214
10414,2214
10415,2214
10416,2214
10417,2214
10418,2214
10419,2214
10420,2214
10421,2214
10422,2214
10423,2214
10424,2214
10425,2214
10426,2214
10427,2214
10428,2214
10429,2214
10430,2214
10431,2214
10432,2214
10433,2214
10434,2214
10435,2214
10436,2214
10437,2214
10438,2214
10439,2214
10440,2214
10441,2214
10442,2214
10443,2216
10444,2216
10445,2216
10446,2216
10447,2216
10448,2216
10449,2216
10450,2216
10451,2217
10452,2217
10453,2217
10454,2217
10455,2217
10456,2217
10457,2217
10458,2217
10459,2217
10460,2217
10461,2219
10462,2219
10463,2219
10464,2219
10465,2219
10466,2219
10467,2219
10468,2219
10469,2219
10470,2219
10471,2219
10472,2219
10473,2219
10474,2219
10475,2219
10476,2219
10477,2219
10478,2219
10479,2219
10480,2219
10481,2219
10482,2219
10483,2219
10484,2219
10485,2220
10486,2220
10487,2220
10488,2220
10489,2220
10490,2220
10491,2220
10492,2220
10493,2220
10494,2220
10495,2220
10496,2220
10497,2220
10498,2220
10499,2220
10500,2220
10501,2220
10502,2220
10503,2220
10504,2220
10505,2220
10506,2220
10507,2220
10508,2220
10509,2220
10510,2220
10511,2220
10512,2220
10513,2220
10514,2220
10515,2220
10516,2220
10517,2220
10518,2220
10519,2220
10520,2220
10521,2220
10522,2220
10523,2220
10524,2220
10525,2220
10526,2220
10527,2220
10528,2220
10529,2220
10530,2220
10531,2220
10532,2220
10533,2220
10534,2220
10535,2220
10536,2220
10537,2220
10538,2220
10539,2220
10540,2220
10541,2220
10542,2220
10543,2220
10544,2220
10545,2220
10546,2220
10547,2220
10548,2220
10549,2220
10550,2220
10551,2220
10552,2220
10553,2220
10554,2220
10555,2220
10556,2220
10557,2220
10558,2220
10559,2220
10560,2220
10561,2220
10562,2220
10563,2220
10564,2220
10565,2220
10566,2220
10567,2220
10568,2220
10569,2220
10570,2220
10571,2220
10572,2220
10573,2220
10574,2220
10575,2220
10576,2220
10577,2220
10578,2220
10579,2220
10580,2220
10581,2220
10582,2220
10583,2220
10584,2220
10585,2220
10586,2220
10587,2220
10588,2220
10589,2220
10590,2220
10591,2220
10592,2220
10593,2220
10594,2220
10595,2220
10596,2220
10597,2220
10598,2220
10599,2220
10600,2220
10601,2220
10602,2220
10603,2220
10604,2220
10605,2220
10606,2220
10607,2220
10608,2220
10609,2220
10610,2220
10611,2220
10612,2220
10613,2220
10614,2220
10615,2220
10616,2220
10617,2220
10618,2220
10619,2220
10620,2220
10621,2220
10622,2220
10623,2220
10624,2220
10625,2220
10626,2220
10627,2220
10628,2220
10629,2220
10630,2220
10631,2220
10632,2220
10633,2220
10634,2220
10635,2220
10636,2220
10637,2220
10638,2220
10639,2220
10640,2220
10641,2220
10642,2220
10643,2220
10644,2220
10645,2220
10646,2220
10647,2220
10648,2220
10649,2229
10650,2229
10651,2229
10652,2229
10653,2229
10654,2229
10655,2229
10656,2229
10657,2229
10658,2229
10659,2229
10660,2229
10661,2229
10662,2229
10663,2229
10664,2229
10665,2229
10666,2229
10667,2229
10668,2229
10669,2229
10670,2229
10671,2229
10672,2229
10673,2229
10674,2229
10675,2229
10676,2229
10677,2229
10678,2229
10679,2229
10680,2229
10681,2229
10682,2229
10683,2229
10684,2229
10685,2229
10686,2229
10687,2229
10688,2229
10689,2229
10690,2229
10691,2229
10692,2229
10693,2229
10694,2229
10695,2229
10696,2229
10697,2229
10698,2229
10699,2229
10700,2229
10701,2229
10702,2229
10703,2229
10704,2229
10705,2229
10706,2229
10707,2229
10708,2229
10709,2229
10710,2229
10711,2229
10712,2229
10713,2229
10714,2229
10715,2230
10716,2230
10717,2230
10718,2230
10719,2230
10720,2230
10721,2230
10722,2230
10723,2230
10724,2230
10725,2230
10726,2230
10727,2230
10728,2230
10729,2230
10730,2230
10731,2230
10732,2230
10733,2230
10734,2230
10735,2230
10736,2230
10737,2230
10738,2230
10739,2230
10740,2230
10741,2230
10742,2230
10743,2230
10744,2230
10745,2230
10746,2230
10747,2230
10748,2230
10749,2230
10750,2230
10751,2230
10752,2230
10753,2230
10754,2230
10755,2230
10756,2230
10757,2230
10758,2230
10759,2230
10760,2230
10761,2230
10762,2230
10763,2230
10764,2230
10765,2230
10766,2230
10767,2230
10768,2230
10769,2230
10770,2230
10771,2230
10772,2230
10773,2230
10774,2230
10775,2230
10776,2230
10777,2230
10778,2230
10779,2230
10780,2230
10781,2230
10782,2230
10783,2230
10784,2230
10785,2230
10786,2230
10787,2230
10788,2231
10789,2231
10790,2231
10791,2231
10792,2231
10793,2231
10794,2231
10795,2231
10796,2231
10797,2231
10798,2231
10799,2231
10800,2231
10801,2231
10802,2231
10803,2239
10804,2239
10805,2239
10806,2239
10807,2239
10808,2239
10809,2239
10810,2239
10811,2239
10812,2239
10813,2239
10814,2239
10815,2239
10816,2239
10817,2239
10818,2239
10819,2239
10820,2239
10821,2239
10822,2239
10823,2239
10824,2239
10825,2239
10826,2239
10827,2239
10828,2239
10829,2239
10830,2239
10831,2239
10832,2239
10833,2239
10834,2239
10835,2239
10836,2239
10837,2239
10838,2239
10839,2239
10840,2239
10841,2239
10842,2239
10843,2239
10844,2239
10845,2239
10846,2239
10847,2239
10848,2239
10849,2239
10850,2239
10851,2239
10852,2239
10853,2239
10854,2239
10855,2239
10856,2239
10857,2239
10858,2239
10859,2239
10860,2239
10861,2239
10862,2239
10863,2239
10864,2239
10865,2239
10866,2239
10867,2239
10868,2239
10869,2239
10870,2239
10871,2239
10872,2239
10873,2239
10874,2239
10875,2239
10876,2239
10877,2239
10878,2239
10879,2239
10880,2239
10881,2239
10882,2244
10883,2244
10884,2244
10885,2244
10886,2244
10887,2244
10888,2244
10889,2244
10890,2248
10891,2248
10892,2248
10893,2248
10894,2248
10895,2248
10896,2248
10897,2248
10898,2248
10899,2248
10900,2248
10901,2248
10902,2248
10903,2248
10904,2248
10905,2248
10906,2248
10907,2248
10908,2248
10909,2248
10910,2248
10911,2248
10912,2248
10913,2248
10914,2248
10915,2248
10916,2248
10917,2248
10918,2248
10919,2248
10920,2248
10921,2248
10922,2248
10923,2248
10924,2248
10925,2248
10926,2248
10927,2248
10928,2248
10929,2248
10930,2248
10931,2248
10932,2248
10933,2248
10934,2248
10935,2248
10936,2248
10937,2248
10938,2248
10939,2248
10940,2248
10941,2248
10942,2248
10943,2248
10944,2248
10945,2248
10946,2248
10947,2248
10948,2248
10949,2248
10950,2248
10951,2248
10952,2248
10953,2248
10954,2248
10955,2248
10956,2248
10957,2248
10958,2248
10959,2248
10960,2248
10961,2248
10962,2248
10963,2248
10964,2248
10965,2248
10966,2248
10967,2248
10968,2248
10969,2248
10970,2248
10971,2248
10972,2248
10973,2248
10974,2248
10975,2248
10976,2248
10977,2248
10978,2248
10979,2248
10980,2248
10981,2248
10982,2248
10983,2248
10984,2248
10985,2248
10986,2248
10987,2248
10988,2248
10989,2248
10990,2248
10991,2248
10992,2248
10993,2248
10994,2248
10995,2248
10996,2248
10997,2248
10998,2248
10999,2248
11000,2248
11001,2248
11002,2248
11003,2248
11004,2248
11005,2248
11006,2248
11007,2248
11008,2248
11009,2248
11010,2248
11011,2248
11012,2250
11013,2250
11014,2250
11015,2250
11016,2266
11017,2266
11018,2266
11019,2266
11020,2266
11021,2266
11022,2266
11023,2266
11024,2266
11025,2266
11026,2266
11027,2266
11028,2266
11029,2266
11030,2266
11031,2266
11032,2266
11033,2266
11034,2266
11035,2266
11036,2266
11037,2266
11038,2266
11039,2266
11040,2267
11041,2267
11042,2267
11043,2267
11044,2267
11045,2267
11046,2267
11047,2267
11048,2267
11049,2267
11050,2267
11051,2267
11052,2267
11053,2267
11054,2267
11055,2267
11056,2267
11057,2267
11058,2267
11059,2267
11060,2267
11061,2278
11062,2278
11063,2278
11064,2278
11065,2278
11066,2278
11067,2278
11068,2278
11069,2278
11070,2278
11071,2278
11072,2278
11073,2278
11074,2278
11075,2278
11076,2278
11077,2278
11078,2278
11079,2278
11080,2278
11081,2278
11082,2278
11083,2278
11084,2278
11085,2278
11086,2278
11087,2278
11088,2278
11089,2278
11090,2278
11091,2278
11092,2278
11093,2278
11094,2278
11095,2278
11096,2278
11097,2278
11098,2278
11099,2278
11100,2278
11101,2278
11102,2278
11103,2278
11104,2278
11105,2278
11106,2278
11107,2278
11108,2278
11109,2278
11110,2278
11111,2278
11112,2278
11113,2278
11114,2278
11115,2278
11116,2278
11117,2278
11118,2278
11119,2278
11120,2278
11121,2278
11122,2278
11123,2278
11124,2278
11125,2280
11126,2280
11127,2280
11128,2280
11129,2280
11130,2280
11131,2280
11132,2280
11133,2280
11134,2280
11135,2280
11136,2280
11137,2280
11138,2280
11139,2280
11140,2280
11141,2280
11142,2280
11143,2280
11144,2280
11145,2280
11146,2280
11147,2280
11148,2280
11149,2280
11150,2280
11151,2280
11152,2280
11153,2280
11154,2280
11155,2280
11156,2280
11157,2280
11158,2280
11159,2280
11160,2280
11161,2280
11162,2280
11163,2280
11164,2280
11165,2280
11166,2280
11167,2280
11168,2280
11169,2280
11170,2280
11171,2280
11172,2280
11173,2280
11174,2280
11175,2280
11176,2280
11177,2280
11178,2280
11179,2280
11180,2280
11181,2280
11182,2280
11183,2280
11184,2280
11185,2280
11186,2280
11187,2280
11188,2280
11189,2280
11190,2280
11191,2280
11192,2280
11193,2280
11194,2280
11195,2280
11196,2280
11197,2280
11198,2280
11199,2280
11200,2280
11201,2280
11202,2280
11203,2280
11204,2280
11205,2280
11206,2280
11207,2280
11208,2280
11209,2280
11210,2280
11211,2280
11212,2280
11213,2280
11214,2280
11215,2280
11216,2280
11217,2280
11218,2280
11219,2280
11220,2280
11221,2280
11222,2280
11223,2280
11224,2280
11225,2280
11226,2280
11227,2280
11228,2280
11229,2280
11230,2282
11231,2282
11232,2282
11233,2282
11234,2282
11235,2282
11236,2282
11237,2282
11238,2282
11239,2282
11240,2282
11241,2282
11242,2282
11243,2282
11244,2282
11245,2282
11246,2282
11247,2282
11248,2282
11249,2282
11250,2282
11251,2282
11252,2282
11253,2282
11254,2282
11255,2282
11256,2282
11257,2282
11258,2282
11259,2282
11260,2282
11261,2282
11262,2282
11263,2282
11264,2282
11265,2282
11266,2282
11267,2282
11268,2282
11269,2282
11270,2282
11271,2282
11272,2282
11273,2282
11274,2282
11275,2282
11276,2282
11277,2282
11278,2282
11279,2282
11280,2282
11281,2282
11282,2282
11283,2282
11284,2282
11285,2282
11286,2282
11287,2282
11288,2282
11289,2282
11290,2282
11291,2282
11292,2282
11293,2282
11294,2282
11295,2282
11296,2282
11297,2282
11298,2282
11299,2282
11300,2282
11301,2282
11302,2282
11303,2282
11304,2282
11305,2282
11306,2282
11307,2282
11308,2282
11309,2282
11310,2282
11311,2282
11312,2282
11313,2282
11314,2282
11315,2282
11316,2286
11317,2286
11318,2286
11319,2286
11320,2286
11321,2286
11322,2286
11323,2286
11324,2286
11325,2286
11326,2286
11327,2286
11328,2286
11329,2286
11330,2286
11331,2286
11332,2286
11333,2286
11334,2286
11335,2286
11336,2286
11337,2286
11338,2286
11339,2286
11340,2286
11341,2286
11342,2286
11343,2286
11344,2286
11345,2286
11346,2286
11347,2286
11348,2286
11349,2286
11350,2286
11351,2286
11352,2286
11353,2290
11354,2290
11355,2290
11356,2290
11357,2290
11358,2290
11359,2290
11360,2290
11361,2290
11362,2290
11363,2290
11364,2290
11365,2290
11366,2290
11367,2290
11368,2290
11369,2290
11370,2290
11371,2290
11372,2290
11373,2290
11374,2290
11375,2290
11376,2290
11377,2290
11378,2290
11379,2290
11380,2290
11381,2290
11382,2290
11383,2290
11384,2290
11385,2290
11386,2290
11387,2290
11388,2290
11389,2290
11390,2290
11391,2290
11392,2290
11393,2290
11394,2290
11395,2290
11396,2290
11397,2290
11398,2290
11399,2290
11400,2290
11401,2290
11402,2290
11403,2290
11404,2290
11405,2290
11406,2290
11407,2290
11408,2290
11409,2290
11410,2290
11411,2290
11412,2290
11413,2290
11414,2290
11415,2290
11416,2290
11417,2290
11418,2290
11419,2290
11420,2290
11421,2290
11422,2290
11423,2290
11424,2290
11425,2290
11426,2290
11427,2290
11428,2290
11429,2290
11430,2290
11431,2290
11432,2290
11433,2290
11434,2290
11435,2290
11436,2290
11437,2290
11438,2290
11439,2290
11440,2290
11441,2290
11442,2290
11443,2290
11444,2290
11445,2290
11446,2290
11447,2290
11448,2290
11449,2290
11450,2290
11451,2290
11452,2290
11453,2290
11454,2290
11455,2290
11456,2290
11457,2290
11458,2290
11459,2290
11460,2290
11461,2290
11462,2290
11463,2290
11464,2290
11465,2290
11466,2290
11467,2290
11468,2290
11469,2290
11470,2290
11471,2290
11472,2290
11473,2290
11474,2290
11475,2290
11476,2290
11477,2290
11478,2290
11479,2290
11480,2290
11481,2290
11482,2290
11483,2290
11484,2290
11485,2290
11486,2290
11487,2290
11488,2290
11489,2290
11490,2290
11491,2290
11492,2290
11493,2290
11494,2290
11495,2290
11496,2290
11497,2290
11498,2290
11499,2290
11500,2290
11501,2290
11502,2290
11503,2290
11504,2290
11505,2290
11506,2290
11507,2290
11508,2290
11509,2290
11510,2290
11511,2290
11512,2290
11513,2290
11514,2290
11515,2290
11516,2290
11517,2290
11518,2290
11519,2290
11520,2290
11521,2290
11522,2290
11523,2290
11524,2290
11525,2290
11526,2290
11527,2290
11528,2290
11529,2290
11530,2290
11531,2290
11532,2290
11533,2290
11534,2290
11535,2290
11536,2290
11537,2290
11538,2290
11539,2290
11540,2290
11541,2290
11542,2290
11543,2290
11544,2290
11545,2290
11546,2290
11547,2290
11548,2290
11549,2290
11550,2290
11551,2290
11552,2290
11553,2290
11554,2290
11555,2290
11556,2290
11557,2290
11558,2290
11559,2290
11560,2290
11561,2290
11562,2290
11563,2290
11564,2290
11565,2290
11566,2290
11567,2290
11568,2290
11569,2290
11570,2290
11571,2290
11572,2290
11573,2290
11574,2290
11575,2290
11576,2290
11577,2290
11578,2290
11579,2290
11580,2290
11581,2290
11582,2290
11583,2290
11584,2290
11585,2290
11586,2290
11587,2292
11588,2292
11589,2292
11590,2292
11591,2292
11592,2292
11593,2292
11594,2292
11595,2292
11596,2292
11597,2292
11598,2292
11599,2292
11600,2292
11601,2292
11602,2292
11603,2292
11604,2292
11605,2292
11606,2292
11607,2292
11608,2292
11609,2292
11610,2292
11611,2292
11612,2292
11613,2292
11614,2292
11615,2292
11616,2292
11617,2292
11618,2292
11619,2292
11620,2292
11621,2292
11622,2292
11623,2292
11624,2292
11625,2292
11626,2292
11627,2292
11628,2292
11629,2292
11630,2292
11631,2317
11632,2317
11633,2317
11634,2317
11635,2317
11636,2317
11637,2317
11638,2317
11639,2317
11640,2317
11641,2317
11642,2317
11643,2317
11644,2317
11645,2317
11646,2317
11647,2317
11648,2317
11649,2317
11650,2317
11651,2317
11652,2317
11653,2317
11654,2328
11655,2328
11656,2328
11657,2328
11658,2328
11659,2328
11660,2328
11661,2328
11662,2328
11663,2343
11664,2343
11665,2343
11666,2343
11667,2343
11668,2343
11669,2343
11670,2343
11671,2343
11672,2343
11673,2343
11674,2343
11675,2343
11676,2343
11677,2343
11678,2343
11679,2343
11680,2343
11681,2388
11682,2388
11683,2388
11684,2388
11685,2388
11686,2388
11687,2388
11688,2388
11689,2388
11690,2388
11691,2388
11692,2388
11693,2388
11694,2388
11695,2388
11696,2388
11697,2388
11698,2388
11699,2388
11700,2388
11701,2389
11702,2389
11703,2389
11704,2389
11705,2389
11706,2389
11707,2389
11708,2389
11709,2389
11710,2389
11711,2389
11712,2389
11713,2389
11714,2389
11715,2389
11716,2389
11717,2389
11718,2389
11719,2389
11720,2389
11721,2389
11722,2389
11723,2389
11724,2389
11725,2389
11726,2389
11727,2389
11728,2389
11729,2389
11730,2389
11731,2389
11732,2389
11733,2389
11734,2400
11735,2400
11736,2400
11737,2400
11738,2400
11739,2400
11740,2400
11741,2400
11742,2400
11743,2400
11744,2400
11745,2400
11746,2400
11747,2400
11748,2400
11749,2400
11750,2400
11751,2400
11752,2400
11753,2400
11754,2400
11755,2400
11756,2400
11757,2400
11758,2400
11759,2400
11760,2400
11761,2400
11762,2400
11763,2400
11764,2400
11765,2400
11766,2400
11767,2400
11768,2400
11769,2400
11770,2400
11771,2400
11772,2400
11773,2400
11774,2400
11775,2400
11776,2400
11777,2400
11778,2400
11779,2400
11780,2400
11781,2400
11782,2400
11783,2400
11784,2400
11785,2400
11786,2400
11787,2400
11788,2400
11789,2400
11790,2400
11791,2400
11792,2400
11793,2400
11794,2400
11795,2400
11796,2400
11797,2400
11798,2400
11799,2400
11800,2400
11801,2400
11802,2400
11803,2400
11804,2400
11805,2400
11806,2400
11807,2400
11808,2400
11809,2400
11810,2400
11811,2400
11812,2400
11813,2400
11814,2400
11815,2400
11816,2400
11817,2400
11818,2400
11819,2400
11820,2400
11821,2400
11822,2400
11823,2400
11824,2400
11825,2400
11826,2400
11827,2400
11828,2400
11829,2400
11830,2400
11831,2400
11832,2400
11833,2400
11834,2400
11835,2400
11836,2400
11837,2400
11838,2400
11839,2400
11840,2400
11841,2400
11842,2400
11843,2400
11844,2400
11845,2400
11846,2400
11847,2400
11848,2400
11849,2400
11850,2400
11851,2400
11852,2400
11853,2400
11854,2400
11855,2400
11856,2400
11857,2400
11858,2400
11859,2400
11860,2400
11861,2400
11862,2400
11863,2400
11864,2400
11865,2400
11866,2400
11867,2400
11868,2400
11869,2400
11870,2400
11871,2400
11872,2400
11873,2400
11874,2400
11875,2400
11876,2400
11877,2400
11878,2400
11879,2400
11880,2400
11881,2400
11882,2400
11883,2400
11884,2406
11885,2406
11886,2406
11887,2406
11888,2406
11889,2406
11890,2406
11891,2406
11892,2406
11893,2406
11894,2406
11895,2406
11896,2406
11897,2406
11898,2406
11899,2406
11900,2406
11901,2406
11902,2406
11903,2408
11904,2408
11905,2408
11906,2408
11907,2408
11908,2408
11909,2408
11910,2408
11911,2408
11912,2408
11913,2408
11914,2408
11915,2408
11916,2408
11917,2408
11918,2408
11919,2408
11920,2408
11921,2408
11922,2408
11923,2408
11924,2408
11925,2408
11926,2408
11927,2408
11928,2408
11929,2408
11930,2408
11931,2408
11932,2408
11933,2408
11934,2408
11935,2408
11936,2408
11937,2408
11938,2408
11939,2408
11940,2408
11941,2408
11942,2408
11943,2408
11944,2408
11945,2408
11946,2408
11947,2408
11948,2408
11949,2408
11950,2408
11951,2408
11952,2408
11953,2408
11954,2408
11955,2408
11956,2408
11957,2408
11958,2408
11959,2408
11960,2408
11961,2408
11962,2408
11963,2408
11964,2408
11965,2408
11966,2408
11967,2408
11968,2408
11969,2408
11970,2408
11971,2408
11972,2408
11973,2408
11974,2408
11975,2408
11976,2408
11977,2408
11978,2408
11979,2408
11980,2408
11981,2408
11982,2408
11983,2408
11984,2408
11985,2408
11986,2408
11987,2408
11988,2408
11989,2408
11990,2408
11991,2408
11992,2413
11993,2413
11994,2413
11995,2413
11996,2413
11997,2413
11998,2413
11999,2413
12000,2413
12001,2413
12002,2413
12003,2413
12004,2413
12005,2413
12006,2413
12007,2413
12008,2413
12009,2413
12010,2413
12011,2413
12012,2413
12013,2413
12014,2413
12015,2413
12016,2413
12017,2413
12018,2413
12019,2413
12020,2413
12021,2413
12022,2413
12023,2413
12024,2413
12025,2413
12026,2413
12027,2413
12028,2413
12029,2413
12030,2413
12031,2413
12032,2413
12033,2413
12034,2413
12035,2413
12036,2413
12037,2413
12038,2413
12039,2413
12040,2413
12041,2413
12042,2413
12043,2413
12044,2413
12045,2413
12046,2413
12047,2413
12048,2413
12049,2413
12050,2413
12051,2413
12052,2413
12053,2413
12054,2413
12055,2413
12056,2413
12057,2413
12058,2413
12059,2413
12060,2413
12061,2413
12062,2413
12063,2413
12064,2413
12065,2413
12066,2413
12067,2413
12068,2413
12069,2413
12070,2413
12071,2413
12072,2413
12073,2413
12074,2413
12075,2413
12076,2413
12077,2413
12078,2413
12079,2413
12080,2413
12081,2413
12082,2413
12083,2413
12084,2413
12085,2413
12086,2413
12087,2413
12088,2413
12089,2413
12090,2413
12091,2413
12092,2413
12093,2413
12094,2413
12095,2413
12096,2413
12097,2413
12098,2413
12099,2413
12100,2413
12101,2413
12102,2413
12103,2413
12104,2413
12105,2413
12106,2413
12107,2413
12108,2413
12109,2413
12110,2413
12111,2413
12112,2413
12113,2413
12114,2413
12115,2413
12116,2413
12117,2413
12118,2413
12119,2413
12120,2413
12121,2413
12122,2413
12123,2413
12124,2413
12125,2413
12126,2413
12127,2413
12128,2413
12129,2413
12130,2413
12131,2413
12132,2413
12133,2413
12134,2413
12135,2413
12136,2413
12137,2413
12138,2413
12139,2413
12140,2413
12141,2413
12142,2413
12143,2413
12144,2413
12145,2413
12146,2413
12147,2413
12148,2413
12149,2413
12150,2413
12151,2413
12152,2413
12153,2413
12154,2413
12155,2413
12156,2413
12157,2413
12158,2413
12159,2413
12160,2413
12161,2413
12162,2413
12163,2413
12164,2413
12165,2413
12166,2413
12167,2413
12168,2413
12169,2413
12170,2413
12171,2413
12172,2413
12173,2413
12174,2413
12175,2413
12176,2413
12177,2413
12178,2413
12179,2413
12180,2413
12181,2413
12182,2413
12183,2413
12184,2413
12185,2413
12186,2413
12187,2413
12188,2413
12189,2413
12190,2413
12191,2413
12192,2413
12193,2413
12194,2413
12195,2413
12196,2413
12197,2413
12198,2413
12199,2413
12200,2413
12201,2413
12202,2413
12203,2413
12204,2413
12205,2413
12206,2413
12207,2413
12208,2413
12209,2413
12210,2413
12211,2413
12212,2413
12213,2413
12214,2413
12215,2413
12216,2413
12217,2413
12218,2413
12219,2413
12220,2413
12221,2413
12222,2413
12223,2413
12224,2413
12225,2413
12226,2413
12227,2413
12228,2413
12229,2413
12230,2413
12231,2413
12232,2413
12233,2413
12234,2413
12235,2413
12236,2413
12237,2413
12238,2413
12239,2413
12240,2413
12241,2413
12242,2413
12243,2413
12244,2413
12245,2413
12246,2413
12247,2413
12248,2413
12249,2413
12250,2413
12251,2413
12252,2413
12253,2413
12254,2413
12255,2413
12256,2413
12257,2413
12258,2413
12259,2413
12260,2413
12261,2413
12262,2413
12263,2413
12264,2413
12265,2413
12266,2413
12267,2413
12268,2413
12269,2413
12270,2413
12271,2413
12272,2413
12273,2413
12274,2413
12275,2413
12276,2413
12277,2413
12278,2413
12279,2413
12280,2413
12281,2413
12282,2413
12283,2413
12284,2413
12285,2413
12286,2413
12287,2413
12288,2413
12289,2413
12290,2413
12291,2413
12292,2413
12293,2413
12294,2413
12295,2413
12296,2413
12297,2413
12298,2413
12299,2413
12300,2413
12301,2413
12302,2413
12303,2413
12304,2413
12305,2413
12306,2413
12307,2413
12308,2413
12309,2413
12310,2413
12311,2413
12312,2413
12313,2413
12314,2413
12315,2413
12316,2413
12317,2413
12318,2419
12319,2419
12320,2419
12321,2419
12322,2419
12323,2419
12324,2419
12325,2419
12326,2419
12327,2419
12328,2419
12329,2419
12330,2419
12331,2419
12332,2419
12333,2419
12334,2419
12335,2419
12336,2419
12337,2419
12338,2419
12339,2419
12340,2419
12341,2419
12342,2419
12343,2419
12344,2419
12345,2419
12346,2419
12347,2419
12348,2419
12349,2419
12350,2419
12351,2419
12352,2419
12353,2419
12354,2419
12355,2419
12356,2419
12357,2419
12358,2419
12359,2419
12360,2419
12361,2419
12362,2419
12363,2419
12364,2419
12365,2419
12366,2419
12367,2419
12368,2419
12369,2419
12370,2419
12371,2419
12372,2419
12373,2419
12374,2419
12375,2419
12376,2419
12377,2419
12378,2419
12379,2419
12380,2419
12381,2419
12382,2419
12383,2419
12384,2419
12385,2419
12386,2419
12387,2419
12388,2419
12389,2419
12390,2419
12391,2419
12392,2419
12393,2419
12394,2419
12395,2419
12396,2419
12397,2419
12398,2419
12399,2419
12400,2419
12401,2419
12402,2419
12403,2419
12404,2419
12405,2419
12406,2419
12407,2419
12408,2419
12409,2421
12410,2421
12411,2421
12412,2421
12413,2421
12414,2421
12415,2421
12416,2421
12417,2421
12418,2421
12419,2421
12420,2421
12421,2421
12422,2421
12423,2421
12424,2421
12425,2421
12426,2421
12427,2421
12428,2421
12429,2421
12430,2421
12431,2421
12432,2421
12433,2421
12434,2421
12435,2421
12436,2421
12437,2421
12438,2421
12439,2421
12440,2421
12441,2421
12442,2421
12443,2421
12444,2421
12445,2421
12446,2421
12447,2421
12448,2421
12449,2421
12450,2421
12451,2421
12452,2421
12453,2421
12454,2421
12455,2421
12456,2421
12457,2421
12458,2421
12459,2421
12460,2421
12461,2421
12462,2433
12463,2433
12464,2433
12465,2433
12466,2433
12467,2433
12468,2433
12469,2433
12470,2433
12471,2433
12472,2433
12473,2433
12474,2433
12475,2433
12476,2433
12477,2433
12478,2433
12479,2433
12480,2433
12481,2433
12482,2433
12483,2433
12484,2433
12485,2433
12486,2433
12487,2433
12488,2433
12489,2433
12490,2433
12491,2433
12492,2433
12493,2433
12494,2433
12495,2433
12496,2433
12497,2433
12498,2433
12499,2433
12500,2433
12501,2433
12502,2433
12503,2433
12504,2433
12505,2433
12506,2433
12507,2433
12508,2433
12509,2433
12510,2433
12511,2433
12512,2433
12513,2433
12514,2433
12515,2433
12516,2433
12517,2433
12518,2433
12519,2433
12520,2433
12521,2433
12522,2433
12523,2433
12524,2433
12525,2433
12526,2433
12527,2433
12528,2433
12529,2433
12530,2433
12531,2433
12532,2433
12533,2433
12534,2433
12535,2433
12536,2433
12537,2435
12538,2435
12539,2435
12540,2435
12541,2435
12542,2435
12543,2435
12544,2435
12545,2435
12546,2435
12547,2435
12548,2435
12549,2435
12550,2435
12551,2435
12552,2435
12553,2435
12554,2435
12555,2435
12556,2435
12557,2435
12558,2435
12559,2435
12560,2435
12561,2435
12562,2435
12563,2435
12564,2435
12565,2435
12566,2435
12567,2435
12568,2435
12569,2435
12570,2435
12571,2435
12572,2435
12573,2435
12574,2435
12575,2435
12576,2435
12577,2435
12578,2435
12579,2435
12580,2435
12581,2435
12582,2435
12583,2435
12584,2435
12585,2435
12586,2435
12587,2435
12588,2435
12589,2435
12590,2435
12591,2435
12592,2435
12593,2435
12594,2435
12595,2435
12596,2435
12597,2435
12598,2435
12599,2435
12600,2435
12601,2435
12602,2435
12603,2435
12604,2435
12605,2435
12606,2435
12607,2435
12608,2435
12609,2435
12610,2435
12611,2435
12612,2435
12613,2435
12614,2435
12615,2435
12616,2435
12617,2435
12618,2436
12619,2436
12620,2436
12621,2436
12622,2436
12623,2436
12624,2436
12625,2436
12626,2436
12627,2436
12628,2436
12629,2436
12630,2436
12631,2436
12632,2436
12633,2436
12634,2436
12635,2436
12636,2436
12637,2436
12638,2436
12639,2436
12640,2436
12641,2436
12642,2436
12643,2444
12644,2444
12645,2444
12646,2444
12647,2444
12648,2444
12649,2444
12650,2444
12651,2444
12652,2444
12653,2444
12654,2444
12655,2444
12656,2444
12657,2444
12658,2444
12659,2444
12660,2444
12661,2444
12662,2444
12663,2444
12664,2444
12665,2444
12666,2444
12667,2444
12668,2444
12669,2444
12670,2444
12671,2444
12672,2444
12673,2449
12674,2449
12675,2449
12676,2449
12677,2449
12678,2449
12679,2449
12680,2449
12681,2449
12682,2449
12683,2449
12684,2449
12685,2452
12686,2452
12687,2452
12688,2452
12689,2452
12690,2452
12691,2452
12692,2452
12693,2452
12694,2452
12695,2452
12696,2452
12697,2452
12698,2452
12699,2452
12700,2452
12701,2452
12702,2452
12703,2452
12704,2452
12705,2452
12706,2452
12707,2452
12708,2452
12709,2452
12710,2452
12711,2452
12712,2452
12713,2452
12714,2452
12715,2452
12716,2452
12717,2452
12718,2452
12719,2452
12720,2452
12721,2452
12722,2452
12723,2452
12724,2452
12725,2452
12726,2456
12727,2456
12728,2458
12729,2458
12730,2458
12731,2458
12732,2458
12733,2458
12734,2458
12735,2458
12736,2458
12737,2458
12738,2458
12739,2458
12740,2460
12741,2460
12742,2460
12743,2460
12744,2460
12745,2460
12746,2460
12747,2460
12748,2460
12749,2460
12750,2460
12751,2460
12752,2460
12753,2460
12754,2460
12755,2460
12756,2460
12757,2460
12758,2460
12759,2460
12760,2460
12761,2460
12762,2460
12763,2464
12764,2464
12765,2464
12766,2464
12767,2464
12768,2464
12769,2464
12770,2464
12771,2467
12772,2467
12773,2467
12774,2467
12775,2467
12776,2467
12777,2467
12778,2467
12779,2467
12780,2467
12781,2467
12782,2467
12783,2467
12784,2467
12785,2467
12786,2467
12787,2467
12788,2467
12789,2467
12790,2467
12791,2467
12792,2467
12793,2467
12794,2467
12795,2467
12796,2467
12797,2467
12798,2467
12799,2467
12800,2467
12801,2467
12802,2467
12803,2467
12804,2467
12805,2467
12806,2467
12807,2467
12808,2467
12809,2467
12810,2467
12811,2467
12812,2467
12813,2467
12814,2467
12815,2467
12816,2467
12817,2467
12818,2467
12819,2467
12820,2467
12821,2467
12822,2467
12823,2467
12824,2467
12825,2467
12826,2467
12827,2467
12828,2467
12829,2467
12830,2467
12831,2467
12832,2467
12833,2467
12834,2467
12835,2467
12836,2467
12837,2467
12838,2467
12839,2467
12840,2467
12841,2467
12842,2467
12843,2467
12844,2467
12845,2467
12846,2467
12847,2467
12848,2467
12849,2467
12850,2467
12851,2467
12852,2467
12853,2467
12854,2468
12855,2468
12856,2468
12857,2468
12858,2468
12859,2468
12860,2468
12861,2468
12862,2468
12863,2468
12864,2468
12865,2468
12866,2468
12867,2468
12868,2468
12869,2468
12870,2468
12871,2468
12872,2468
12873,2468
12874,2468
12875,2468
12876,2468
12877,2468
12878,2468
12879,2468
12880,2468
12881,2468
12882,2468
12883,2468
12884,2468
12885,2468
12886,2468
12887,2468
12888,2470
12889,2470
12890,2470
12891,2470
12892,2470
12893,2470
12894,2470
12895,2470
12896,2470
12897,2470
12898,2470
12899,2470
12900,2470
12901,2470
12902,2470
12903,2470
12904,2470
12905,2470
12906,2470
12907,2470
12908,2470
12909,2470
12910,2470
12911,2470
12912,2470
12913,2470
12914,2470
12915,2470
12916,2482
12917,2482
12918,2482
12919,2482
12920,2482
12921,2482
12922,2482
12923,2482
12924,2482
12925,2482
12926,2482
12927,2482
12928,2482
12929,2482
12930,2482
12931,2482
12932,2482
12933,2482
12934,2482
12935,2482
12936,2482
12937,2482
12938,2482
12939,2482
12940,2482
12941,2482
12942,2482
12943,2482
12944,2482
12945,2482
12946,2482
12947,2482
12948,2482
12949,2482
12950,2482
12951,2482
12952,2482
12953,2482
12954,2482
12955,2482
12956,2482
12957,2482
12958,2482
12959,2482
12960,2482
12961,2482
12962,2482
12963,2482
12964,2482
12965,2482
12966,2482
12967,2482
12968,2482
12969,2482
12970,2482
12971,2482
12972,2482
12973,2482
12974,2482
12975,2482
12976,2482
12977,2482
12978,2482
12979,2482
12980,2482
12981,2482
12982,2482
12983,2482
12984,2482
12985,2491
12986,2491
12987,2491
12988,2491
12989,2491
12990,2491
12991,2491
12992,2491
12993,2491
12994,2491
12995,2491
12996,2491
12997,2491
12998,2491
12999,2491
13000,2491
13001,2491
13002,2491
13003,2491
13004,2491
13005,2491
13006,2491
13007,2497
13008,2497
13009,2497
13010,2497
13011,2497
13012,2497
13013,2497
13014,2497
13015,2497
13016,2497
13017,2497
13018,2497
13019,2497
13020,2497
13021,2497
13022,2497
13023,2497
13024,2497
13025,2497
13026,2497
13027,2497
13028,2497
13029,2497
13030,2499
13031,2502
13032,2502
13033,2502
13034,2502
13035,2502
13036,2502
13037,2502
13038,2502
13039,2502
13040,2502
13041,2502
13042,2502
13043,2502
13044,2502
13045,2502
13046,2502
13047,2502
13048,2502
13049,2502
13050,2502
13051,2502
13052,2502
13053,2502
13054,2502
13055,2502
13056,2502
13057,2502
13058,2502
13059,2502
13060,2502
13061,2502
13062,2502
13063,2502
13064,2502
13065,2502
13066,2502
13067,2502
13068,2502
13069,2502
13070,2502
13071,2502
13072,2502
13073,2502
13074,2502
13075,2502
13076,2502
13077,2502
13078,2502
13079,2502
13080,2502
13081,2502
13082,2502
13083,2502
13084,2502
13085,2502
13086,2502
13087,2502
13088,2502
13089,2502
13090,2502
13091,2502
13092,2502
13093,2502
13094,2502
13095,2502
13096,2502
13097,2502
13098,2502
13099,2502
13100,2502
13101,2502
13102,2502
13103,2502
13104,2502
13105,2502
13106,2502
13107,2502
13108,2502
13109,2502
13110,2502
13111,2502
13112,2502
13113,2502
13114,2502
13115,2502
13116,2502
13117,2502
13118,2502
13119,2502
13120,2502
13121,2502
13122,2502
13123,2502
13124,2502
13125,2502
13126,2502
13127,2502
13128,2502
13129,2502
13130,2502
13131,2502
13132,2502
13133,2502
13134,2502
13135,2502
13136,2502
13137,2502
13138,2502
13139,2502
13140,2502
13141,2502
13142,2502
13143,2502
13144,2502
13145,2502
13146,2502
13147,2502
13148,2502
13149,2502
13150,2502
13151,2502
13152,2502
13153,2502
13154,2502
13155,2502
13156,2502
13157,2502
13158,2502
13159,2502
13160,2502
13161,2502
13162,2502
13163,2502
13164,2502
13165,2502
13166,2502
13167,2502
13168,2502
13169,2502
13170,2502
13171,2502
13172,2502
13173,2502
13174,2502
13175,2502
13176,2502
13177,2502
13178,2502
13179,2502
13180,2502
13181,2502
13182,2502
13183,2502
13184,2502
13185,2502
13186,2502
13187,2502
13188,2502
13189,2502
13190,2502
13191,2502
13192,2502
13193,2502
13194,2502
13195,2502
13196,2502
13197,2502
13198,2502
13199,2502
13200,2502
13201,2502
13202,2502
13203,2502
13204,2502
13205,2502
13206,2502
13207,2502
13208,2502
13209,2502
13210,2502
13211,2502
13212,2502
13213,2502
13214,2502
13215,2502
13216,2502
13217,2502
13218,2504
13219,2504
13220,2504
13221,2504
13222,2504
13223,2504
13224,2504
13225,2504
13226,2504
13227,2504
13228,2504
13229,2504
13230,2504
13231,2504
13232,2504
13233,2504
13234,2504
13235,2504
13236,2504
13237,2504
13238,2504
13239,2504
13240,2504
13241,2504
13242,2504
13243,2504
13244,2504
13245,2504
13246,2504
13247,2504
13248,2504
13249,2504
13250,2504
13251,2504
13252,2504
13253,2504
13254,2504
13255,2504
13256,2504
13257,2504
13258,2504
13259,2504
13260,2504
13261,2504
13262,2504
13263,2504
13264,2504
13265,2504
13266,2504
13267,2504
13268,2504
13269,2504
13270,2504
13271,2504
13272,2504
13273,2504
13274,2504
13275,2504
13276,2504
13277,2504
13278,2504
13279,2504
13280,2504
13281,2504
13282,2504
13283,2504
13284,2504
13285,2504
13286,2504
13287,2504
13288,2504
13289,2504
13290,2504
13291,2504
13292,2504
13293,2504
13294,2504
13295,2504
13296,2504
13297,2504
13298,2504
13299,2504
13300,2504
13301,2504
13302,2504
13303,2504
13304,2504
13305,2504
13306,2504
13307,2504
13308,2504
13309,2504
13310,2504
13311,2504
13312,2504
13313,2504
13314,2504
13315,2504
13316,2504
13317,2504
13318,2504
13319,2504
13320,2504
13321,2504
13322,2504
13323,2504
13324,2504
13325,2504
13326,2504
13327,2504
13328,2504
13329,2504
13330,2504
13331,2504
13332,2504
13333,2504
13334,2504
13335,2504
13336,2504
13337,2504
13338,2504
13339,2504
13340,2504
13341,2504
13342,2504
13343,2504
13344,2504
13345,2504
13346,2504
13347,2504
13348,2504
13349,2504
13350,2504
13351,2504
13352,2504
13353,2504
13354,2504
13355,2504
13356,2504
13357,2504
13358,2504
13359,2504
13360,2504
13361,2504
13362,2504
13363,2504
13364,2504
13365,2504
13366,2504
13367,2504
13368,2504
13369,2504
13370,2504
13371,2504
13372,2504
13373,2504
13374,2504
13375,2505
13376,2505
13377,2505
13378,2505
13379,2505
13380,2505
13381,2505
13382,2505
13383,2505
13384,2505
13385,2505
13386,2505
13387,2505
13388,2505
13389,2505
13390,2505
13391,2505
13392,2505
13393,2505
13394,2505
13395,2505
13396,2505
13397,2505
13398,2505
13399,2505
13400,2505
13401,2505
13402,2505
13403,2505
13404,2505
13405,2505
13406,2505
13407,2505
13408,2505
13409,2505
13410,2505
13411,2505
13412,2505
13413,2505
13414,2505
13415,2505
13416,2505
13417,2505
13418,2505
13419,2505
13420,2505
13421,2505
13422,2505
13423,2505
13424,2505
13425,2505
13426,2505
13427,2505
13428,2505
13429,2505
13430,2505
13431,2505
13432,2505
13433,2505
13434,2505
13435,2505
13436,2505
13437,2505
13438,2505
13439,2505
13440,2505
13441,2505
13442,2505
13443,2505
13444,2505
13445,2505
13446,2505
13447,2505
13448,2505
13449,2505
13450,2505
13451,2505
13452,2505
13453,2505
13454,2505
13455,2505
13456,2505
13457,2505
13458,2505
13459,2505
13460,2505
13461,2505
13462,2505
13463,2505
13464,2505
13465,2505
13466,2505
13467,2505
13468,2505
13469,2505
13470,2505
13471,2505
13472,2505
13473,2505
13474,2505
13475,2505
13476,2505
13477,2505
13478,2505
13479,2505
13480,2505
13481,2505
13482,2505
13483,2505
13484,2505
13485,2505
13486,2505
13487,2505
13488,2505
13489,2505
13490,2505
13491,2505
13492,2505
13493,2505
13494,2505
13495,2505
13496,2505
13497,2505
13498,2505
13499,2505
13500,2505
13501,2505
13502,2505
13503,2505
13504,2505
13505,2505
13506,2505
13507,2505
13508,2505
13509,2505
13510,2505
13511,2505
13512,2505
13513,2505
13514,2505
13515,2505
13516,2505
13517,2505
13518,2505
13519,2505
13520,2505
13521,2505
13522,2505
13523,2505
13524,2505
13525,2505
13526,2505
13527,2505
13528,2505
13529,2505
13530,2505
13531,2505
13532,2505
13533,2505
13534,2505
13535,2505
13536,2505
13537,2505
13538,2505
13539,2505
13540,2505
13541,2505
13542,2505
13543,2505
13544,2505
13545,2505
13546,2505
13547,2505
13548,2505
13549,2505
13550,2505
13551,2505
13552,2505
13553,2505
13554,2505
13555,2505
13556,2505
13557,2505
13558,2505
13559,2505
13560,2505
13561,2505
13562,2505
13563,2505
13564,2505
13565,2505
13566,2505
13567,2505
13568,2505
13569,2505
13570,2505
13571,2505
13572,2505
13573,2505
13574,2505
13575,2505
13576,2505
13577,2505
13578,2505
13579,2505
13580,2505
13581,2505
13582,2505
13583,2505
13584,2505
13585,2505
13586,2505
13587,2505
13588,2505
13589,2505
13590,2505
13591,2505
13592,2505
13593,2505
13594,2505
13595,2505
13596,2505
13597,2505
13598,2505
13599,2505
13600,2505
13601,2505
13602,2505
13603,2505
13604,2505
13605,2505
13606,2505
13607,2505
13608,2505
13609,2505
13610,2505
13611,2505
13612,2505
13613,2505
13614,2505
13615,2505
13616,2505
13617,2505
13618,2505
13619,2505
13620,2505
13621,2505
13622,2505
13623,2505
13624,2505
13625,2505
13626,2505
13627,2505
13628,2505
13629,2505
13630,2505
13631,2505
13632,2505
13633,2505
13634,2505
13635,2505
13636,2505
13637,2505
13638,2505
13639,2505
13640,2505
13641,2505
13642,2505
13643,2505
13644,2505
13645,2505
13646,2505
13647,2505
13648,2505
13649,2505
13650,2505
13651,2505
13652,2505
13653,2505
13654,2505
13655,2505
13656,2505
13657,2505
13658,2505
13659,2505
13660,2505
13661,2505
13662,2505
13663,2505
13664,2505
13665,2505
13666,2505
13667,2505
13668,2505
13669,2505
13670,2505
13671,2505
13672,2505
13673,2505
13674,2505
13675,2505
13676,2505
13677,2505
13678,2505
13679,2505
13680,2505
13681,2505
13682,2505
13683,2505
13684,2505
13685,2505
13686,2505
13687,2505
13688,2505
13689,2505
13690,2505
13691,2505
13692,2505
13693,2505
13694,2505
13695,2505
13696,2505
13697,2505
13698,2505
13699,2505
13700,2505
13701,2505
13702,2505
13703,2505
13704,2505
13705,2505
13706,2505
13707,2505
13708,2505
13709,2505
13710,2505
13711,2505
13712,2505
13713,2505
13714,2505
13715,2505
13716,2505
13717,2505
13718,2505
13719,2505
13720,2505
13721,2505
13722,2505
13723,2506
13724,2506
13725,2506
13726,2506
13727,2506
13728,2506
13729,2506
13730,2506
13731,2506
13732,2506
13733,2506
13734,2506
13735,2506
13736,2506
13737,2506
13738,2506
13739,2506
13740,2506
13741,2506
13742,2506
13743,2506
13744,2506
13745,2506
13746,2506
13747,2506
13748,2506
13749,2506
13750,2506
13751,2506
13752,2506
13753,2506
13754,2506
13755,2506
13756,2506
13757,2506
13758,2506
13759,2506
13760,2506
13761,2506
13762,2506
13763,2506
13764,2506
13765,2506
13766,2506
13767,2506
13768,2506
13769,2506
13770,2506
13771,2506
13772,2506
13773,2506
13774,2506
13775,2506
13776,2506
13777,2506
13778,2506
13779,2506
13780,2506
13781,2506
13782,2506
13783,2506
13784,2506
13785,2506
13786,2506
13787,2506
13788,2506
13789,2508
13790,2508
13791,2508
13792,2508
13793,2508
13794,2508
13795,2508
13796,2508
13797,2508
13798,2508
13799,2508
13800,2508
13801,2508
13802,2508
13803,2508
13804,2508
13805,2508
13806,2508
13807,2508
13808,2508
13809,2508
13810,2508
13811,2508
13812,2508
13813,2508
13814,2508
13815,2508
13816,2508
13817,2508
13818,2508
13819,2508
13820,2508
13821,2508
13822,2508
13823,2512
13824,2512
13825,2512
13826,2512
13827,2512
13828,2512
13829,2512
13830,2512
13831,2512
13832,2512
13833,2512
13834,2512
13835,2512
13836,2512
13837,2512
13838,2512
13839,2512
13840,2512
13841,2512
13842,2512
13843,2512
13844,2512
13845,2512
13846,2512
13847,2512
13848,2512
13849,2512
13850,2512
13851,2512
13852,2512
13853,2512
13854,2512
13855,2512
13856,2512
13857,2512
13858,2512
13859,2512
13860,2512
13861,2512
13862,2512
13863,2512
13864,2512
13865,2512
13866,2512
13867,2512
13868,2512
13869,2512
13870,2512
13871,2512
13872,2512
13873,2512
13874,2512
13875,2512
13876,2512
13877,2512
13878,2512
13879,2512
13880,2512
13881,2512
13882,2512
13883,2512
13884,2512
13885,2512
13886,2512
13887,2512
13888,2512
13889,2512
13890,2512
13891,2512
13892,2512
13893,2512
13894,2512
13895,2512
13896,2512
13897,2512
13898,2512
13899,2512
13900,2512
13901,2512
13902,2514
13903,2514
13904,2514
13905,2514
13906,2514
13907,2514
13908,2514
13909,2514
13910,2514
13911,2514
13912,2514
13913,2514
13914,2514
13915,2514
13916,2514
13917,2514
13918,2514
13919,2514
13920,2514
13921,2514
13922,2514
13923,2514
13924,2514
13925,2514
13926,2514
13927,2514
13928,2514
13929,2514
13930,2514
13931,2514
13932,2514
13933,2514
13934,2514
13935,2514
13936,2514
13937,2514
13938,2522
13939,2522
13940,2522
13941,2522
13942,2522
13943,2522
13944,2522
13945,2526
13946,2526
13947,2526
13948,2526
13949,2526
13950,2526
13951,2526
13952,2529
13953,2529
13954,2529
13955,2529
13956,2529
13957,2529
13958,2529
13959,2529
13960,2529
13961,2529
13962,2529
13963,2529
13964,2529
13965,2529
13966,2529
13967,2529
13968,2529
13969,2529
13970,2529
13971,2529
13972,2529
13973,2529
13974,2529
13975,2529
13976,2529
13977,2529
13978,2529
13979,2529
13980,2529
13981,2529
13982,2529
13983,2529
13984,2529
13985,2529
13986,2529
13987,2529
13988,2529
13989,2529
13990,2529
13991,2529
13992,2529
13993,2529
13994,2529
13995,2529
13996,2529
13997,2529
13998,2529
13999,2529
14000,2529
14001,2529
14002,2529
14003,2529
14004,2529
14005,2529
14006,2529
14007,2529
14008,2529
14009,2529
14010,2529
14011,2529
14012,2529
14013,2529
14014,2529
14015,2529
14016,2529
14017,2529
14018,2529
14019,2529
14020,2529
14021,2529
14022,2529
14023,2529
14024,2529
14025,2529
14026,2529
14027,2529
14028,2529
14029,2529
14030,2529
14031,2529
14032,2529
14033,2529
14034,2529
14035,2529
14036,2529
14037,2529
14038,2529
14039,2529
14040,2529
14041,2529
14042,2529
14043,2529
14044,2529
14045,2529
14046,2529
14047,2529
14048,2529
14049,2529
14050,2529
14051,2529
14052,2529
14053,2529
14054,2529
14055,2529
14056,2529
14057,2529
14058,2529
14059,2529
14060,2529
14061,2529
14062,2529
14063,2529
14064,2529
14065,2529
14066,2529
14067,2529
14068,2529
14069,2529
14070,2529
14071,2531
14072,2531
14073,2531
14074,2531
14075,2531
14076,2531
14077,2531
14078,2531
14079,2531
14080,2531
14081,2531
14082,2531
14083,2531
14084,2531
14085,2531
14086,2531
14087,2531
14088,2531
14089,2531
14090,2531
14091,2531
14092,2531
14093,2531
14094,2531
14095,2531
14096,2531
14097,2531
14098,2531
14099,2531
14100,2531
14101,2531
14102,2531
14103,2531
14104,2531
14105,2531
14106,2531
14107,2531
14108,2531
14109,2531
14110,2531
14111,2531
14112,2531
14113,2531
14114,2531
14115,2531
14116,2531
14117,2531
14118,2531
14119,2531
14120,2531
14121,2531
14122,2531
14123,2531
14124,2531
14125,2531
14126,2531
14127,2531
14128,2531
14129,2531
14130,2531
14131,2531
14132,2531
14133,2531
14134,2531
14135,2531
14136,2531
14137,2531
14138,2531
14139,2531
14140,2531
14141,2531
14142,2531
14143,2531
14144,2531
14145,2531
14146,2531
14147,2531
14148,2531
14149,2531
14150,2531
14151,2531
14152,2531
14153,2531
14154,2531
14155,2531
14156,2531
14157,2531
14158,2531
14159,2531
14160,2531
14161,2531
14162,2531
14163,2531
14164,2531
14165,2531
14166,2531
14167,2531
14168,2531
14169,2531
14170,2531
14171,2531
14172,2531
14173,2531
14174,2531
14175,2531
14176,2531
14177,2531
14178,2531
14179,2531
14180,2531
14181,2531
14182,2531
14183,2531
14184,2531
14185,2531
14186,2531
14187,2531
14188,2531
14189,2531
14190,2531
14191,2531
14192,2531
14193,2531
14194,2531
14195,2531
14196,2531
14197,2531
14198,2531
14199,2531
14200,2531
14201,2531
14202,2531
14203,2531
14204,2531
14205,2531
14206,2531
14207,2531
14208,2531
14209,2531
14210,2531
14211,2531
14212,2531
14213,2531
14214,2531
14215,2531
14216,2531
14217,2531
14218,2531
14219,2531
14220,2531
14221,2531
14222,2531
14223,2531
14224,2531
14225,2531
14226,2531
14227,2531
14228,2531
14229,2531
14230,2531
14231,2531
14232,2531
14233,2531
14234,2531
14235,2531
14236,2531
14237,2531
14238,2531
14239,2531
14240,2531
14241,2531
14242,2531
14243,2531
14244,2531
14245,2531
14246,2531
14247,2531
14248,2531
14249,2531
14250,2531
14251,2531
14252,2531
14253,2531
14254,2531
14255,2531
14256,2531
14257,2531
14258,2531
14259,2531
14260,2531
14261,2531
14262,2531
14263,2531
14264,2531
14265,2531
14266,2531
14267,2531
14268,2531
14269,2531
14270,2531
14271,2531
14272,2531
14273,2531
14274,2531
14275,2531
14276,2531
14277,2531
14278,2531
14279,2531
14280,2531
14281,2531
14282,2531
14283,2531
14284,2531
14285,2531
14286,2531
14287,2531
14288,2531
14289,2531
14290,2531
14291,2531
14292,2531
14293,2531
14294,2531
14295,2531
14296,2531
14297,2531
14298,2531
14299,2531
14300,2531
14301,2531
14302,2531
14303,2531
14304,2531
14305,2531
14306,2531
14307,2531
14308,2531
14309,2531
14310,2531
14311,2531
14312,2531
14313,2531
14314,2531
14315,2531
14316,2531
14317,2531
14318,2531
14319,2531
14320,2531
14321,2531
14322,2531
14323,2531
14324,2531
14325,2531
14326,2531
14327,2531
14328,2531
14329,2531
14330,2531
14331,2531
14332,2531
14333,2531
14334,2531
14335,2531
14336,2531
14337,2531
14338,2531
14339,2531
14340,2531
14341,2531
14342,2531
14343,2531
14344,2531
14345,2531
14346,2531
14347,2531
14348,2531
14349,2531
14350,2531
14351,2531
14352,2531
14353,2531
14354,2531
14355,2531
14356,2531
14357,2531
14358,2531
14359,2531
14360,2531
14361,2531
14362,2531
14363,2531
14364,2531
14365,2531
14366,2531
14367,2531
14368,2531
14369,2531
14370,2531
14371,2531
14372,2531
14373,2531
14374,2531
14375,2531
14376,2531
14377,2531
14378,2531
14379,2531
14380,2531
14381,2531
14382,2531
14383,2531
14384,2531
14385,2531
14386,2531
14387,2531
14388,2531
14389,2531
14390,2531
14391,2531
14392,2531
14393,2534
14394,2534
14395,2534
14396,2534
14397,2534
14398,2534
14399,2534
14400,2534
14401,2534
14402,2534
14403,2534
14404,2534
14405,2534
14406,2534
14407,2534
14408,2534
14409,2534
14410,2534
14411,2534
14412,2534
14413,2534
14414,2534
14415,2534
14416,2534
14417,2534
14418,2534
14419,2534
14420,2534
14421,2534
14422,2534
14423,2534
14424,2534
14425,2534
14426,2534
14427,2534
14428,2534
14429,2534
14430,2534
14431,2534
14432,2534
14433,2534
14434,2534
14435,2534
14436,2534
14437,2534
14438,2534
14439,2534
14440,2534
14441,2534
14442,2534
14443,2534
14444,2534
14445,2534
14446,2534
14447,2534
14448,2534
14449,2534
14450,2534
14451,2534
14452,2534
14453,2534
14454,2534
14455,2534
14456,2534
14457,2534
14458,2534
14459,2534
14460,2534
14461,2534
14462,2534
14463,2534
14464,2534
14465,2534
14466,2534
14467,2534
14468,2534
14469,2534
14470,2534
14471,2534
14472,2534
14473,2534
14474,2534
14475,2534
14476,2534
14477,2534
14478,2534
14479,2534
14480,2534
14481,2534
14482,2534
14483,2534
14484,2534
14485,2534
14486,2534
14487,2534
14488,2534
14489,2534
14490,2534
14491,2534
14492,2534
14493,2534
14494,2534
14495,2534
14496,2534
14497,2534
14498,2534
14499,2534
14500,2534
14501,2534
14502,2534
14503,2534
14504,2534
14505,2534
14506,2534
14507,2534
14508,2534
14509,2534
14510,2534
14511,2534
14512,2534
14513,2534
14514,2534
14515,2534
14516,2534
14517,2534
14518,2534
14519,2534
14520,2534
14521,2534
14522,2534
14523,2534
14524,2534
14525,2534
14526,2534
14527,2534
14528,2534
14529,2534
14530,2534
14531,2534
14532,2534
14533,2534
14534,2534
14535,2534
14536,2534
14537,2534
14538,2534
14539,2534
14540,2534
14541,2534
14542,2534
14543,2534
14544,2534
14545,2534
14546,2534
14547,2534
14548,2534
14549,2534
14550,2534
14551,2534
14552,2534
14553,2534
14554,2534
14555,2534
14556,2534
14557,2534
14558,2534
14559,2534
14560,2534
14561,2534
14562,2534
14563,2534
14564,2534
14565,2534
14566,2534
14567,2534
14568,2534
14569,2534
14570,2534
14571,2534
14572,2534
14573,2534
14574,2534
14575,2534
14576,2534
14577,2534
14578,2534
14579,2534
14580,2534
14581,2534
14582,2534
14583,2534
14584,2534
14585,2534
14586,2534
14587,2534
14588,2534
14589,2534
14590,2534
14591,2534
14592,2534
14593,2534
14594,2534
14595,2534
14596,2534
14597,2534
14598,2534
14599,2534
14600,2534
14601,2534
14602,2534
14603,2534
14604,2534
14605,2534
14606,2534
14607,2534
14608,2534
14609,2534
14610,2534
14611,2534
14612,2534
14613,2534
14614,2534
14615,2534
14616,2534
14617,2534
14618,2534
14619,2534
14620,2534
14621,2534
14622,2534
14623,2534
14624,2534
14625,2534
14626,2534
14627,2534
14628,2534
14629,2534
14630,2534
14631,2534
14632,2534
14633,2534
14634,2535
14635,2535
14636,2535
14637,2535
14638,2535
14639,2535
14640,2535
14641,2535
14642,2535
14643,2535
14644,2535
14645,2535
14646,2535
14647,2535
14648,2535
14649,2535
14650,2535
14651,2535
14652,2535
14653,2535
14654,2535
14655,2535
14656,2535
14657,2535
14658,2535
14659,2535
14660,2535
14661,2535
14662,2535
14663,2535
14664,2535
14665,2535
14666,2535
14667,2535
14668,2535
14669,2535
14670,2535
14671,2535
14672,2535
14673,2535
14674,2535
14675,2535
14676,2535
14677,2535
14678,2535
14679,2535
14680,2535
14681,2535
14682,2535
14683,2535
14684,2536
14685,2536
14686,2536
14687,2536
14688,2536
14689,2536
14690,2536
14691,2536
14692,2536
14693,2536
14694,2536
14695,2536
14696,2536
14697,2536
14698,2536
14699,2536
14700,2536
14701,2536
14702,2536
14703,2536
14704,2536
14705,2536
14706,2536
14707,2536
14708,2536
14709,2536
14710,2536
14711,2536
14712,2536
14713,2536
14714,2536
14715,2536
14716,2536
14717,2536
14718,2536
14719,2536
14720,2536
14721,2536
14722,2536
14723,2536
14724,2536
14725,2536
14726,2536
14727,2536
14728,2536
14729,2536
14730,2536
14731,2536
14732,2536
14733,2536
14734,2536
14735,2536
14736,2555
14737,2555
14738,2555
14739,2555
14740,2555
14741,2558
14742,2558
14743,2558
14744,2558
14745,2558
14746,2558
14747,2558
14748,2558
14749,2558
14750,2558
14751,2558
14752,2558
14753,2558
14754,2558
14755,2558
14756,2558
14757,2558
14758,2558
14759,2558
14760,2558
14761,2558
14762,2558
14763,2558
14764,2558
14765,2558
14766,2558
14767,2558
14768,2558
14769,2558
14770,2558
14771,2558
14772,2558
14773,2558
14774,2558
14775,2558
14776,2558
14777,2558
14778,2558
14779,2558
14780,2558
14781,2558
14782,2558
14783,2558
14784,2558
14785,2558
14786,2558
14787,2558
14788,2558
14789,2558
14790,2558
14791,2558
14792,2558
14793,2558
14794,2558
14795,2558
14796,2558
14797,2558
14798,2558
14799,2558
14800,2558
14801,2558
14802,2558
14803,2558
14804,2558
14805,2558
14806,2558
14807,2558
14808,2558
14809,2558
14810,2558
14811,2558
14812,2558
14813,2558
14814,2558
14815,2558
14816,2558
14817,2558
14818,2558
14819,2558
14820,2558
14821,2558
14822,2558
14823,2558
14824,2558
14825,2558
14826,2558
14827,2558
14828,2558
14829,2558
14830,2558
14831,2558
14832,2558
14833,2558
14834,2558
14835,2558
14836,2558
14837,2558
14838,2558
14839,2558
14840,2558
14841,2558
14842,2558
14843,2558
14844,2558
14845,2558
14846,2558
14847,2558
14848,2558
14849,2558
14850,2558
14851,2558
14852,2558
14853,2558
14854,2558
14855,2558
14856,2558
14857,2558
14858,2558
14859,2558
14860,2558
14861,2558
14862,2558
14863,2558
14864,2558
14865,2558
14866,2558
14867,2558
14868,2558
14869,2558
14870,2558
14871,2558
14872,2558
14873,2558
14874,2558
14875,2558
14876,2558
14877,2558
14878,2558
14879,2558
14880,2558
14881,2558
14882,2558
14883,2558
14884,2558
14885,2558
14886,2558
14887,2558
14888,2558
14889,2558
14890,2558
14891,2558
14892,2558
14893,2558
14894,2558
14895,2558
14896,2558
14897,2558
14898,2558
14899,2558
14900,2558
14901,2558
14902,2558
14903,2558
14904,2558
14905,2558
14906,2558
14907,2558
14908,2558
14909,2558
14910,2558
14911,2558
14912,2558
14913,2558
14914,2558
14915,2558
14916,2558
14917,2558
14918,2558
14919,2558
14920,2558
14921,2558
14922,2558
14923,2558
14924,2558
14925,2558
14926,2558
14927,2558
14928,2558
14929,2558
14930,2558
14931,2558
14932,2558
14933,2558
14934,2558
14935,2558
14936,2558
14937,2558
14938,2558
14939,2558
14940,2558
14941,2558
14942,2558
14943,2558
14944,2558
14945,2558
14946,2558
14947,2558
14948,2558
14949,2558
14950,2558
14951,2558
14952,2558
14953,2558
14954,2558
14955,2558
14956,2558
14957,2558
14958,2558
14959,2558
14960,2558
14961,2558
14962,2558
14963,2558
14964,2558
14965,2558
14966,2558
14967,2558
14968,2558
14969,2558
14970,2558
14971,2558
14972,2560
14973,2560
14974,2560
14975,2560
14976,2560
14977,2560
14978,2560
14979,2560
14980,2560
14981,2560
14982,2560
14983,2560
14984,2560
14985,2560
14986,2560
14987,2560
14988,2560
14989,2560
14990,2560
14991,2560
14992,2560
14993,2560
14994,2560
14995,2560
14996,2560
14997,2560
14998,2560
14999,2560
15000,2560
15001,2560
15002,2560
15003,2560
15004,2560
15005,2560
15006,2560
15007,2560
15008,2560
15009,2560
15010,2560
15011,2560
15012,2560
15013,2560
15014,2564
15015,2564
15016,2564
15017,2564
15018,2564
15019,2564
15020,2564
15021,2564
15022,2564
15023,2564
15024,2564
15025,2564
15026,2564
15027,2564
15028,2564
15029,2564
15030,2564
15031,2564
15032,2564
15033,2564
15034,2564
15035,2564
15036,2564
15037,2564
15038,2564
15039,2564
15040,2564
15041,2564
15042,2564
15043,2564
15044,2564
15045,2564
15046,2564
15047,2564
15048,2564
15049,2564
15050,2564
15051,2564
15052,2564
15053,2564
15054,2564
15055,2564
15056,2564
15057,2564
15058,2564
15059,2564
15060,2564
15061,2564
15062,2564
15063,2564
15064,2564
15065,2564
15066,2564
15067,2564
15068,2564
15069,2564
15070,2564
15071,2564
15072,2564
15073,2564
15074,2564
15075,2564
15076,2564
15077,2564
15078,2564
15079,2564
15080,2564
15081,2564
15082,2564
15083,2564
15084,2564
15085,2564
15086,2564
15087,2564
15088,2564
15089,2564
15090,2564
15091,2564
15092,2564
15093,2564
15094,2564
15095,2564
15096,2564
15097,2564
15098,2564
15099,2564
15100,2564
15101,2564
15102,2564
15103,2564
15104,2564
15105,2564
15106,2564
15107,2564
15108,2564
15109,2564
15110,2564
15111,2564
15112,2564
15113,2564
15114,2564
15115,2564
15116,2564
15117,2564
15118,2564
15119,2564
15120,2564
15121,2564
15122,2564
15123,2564
15124,2564
15125,2564
15126,2564
15127,2564
15128,2564
15129,2564
15130,2564
15131,2564
15132,2564
15133,2564
15134,2564
15135,2564
15136,2564
15137,2564
15138,2564
15139,2564
15140,2564
15141,2564
15142,2564
15143,2564
15144,2564
15145,2564
15146,2564
15147,2564
15148,2564
15149,2564
15150,2564
15151,2564
15152,2564
15153,2564
15154,2564
15155,2564
15156,2564
15157,2564
15158,2564
15159,2564
15160,2564
15161,2564
15162,2564
15163,2564
15164,2564
15165,2564
15166,2564
15167,2564
15168,2564
15169,2564
15170,2564
15171,2564
15172,2564
15173,2564
15174,2564
15175,2564
15176,2564
15177,2564
15178,2564
15179,2564
15180,2564
15181,2564
15182,2564
15183,2564
15184,2564
15185,2564
15186,2564
15187,2564
15188,2564
15189,2564
15190,2564
15191,2564
15192,2564
15193,2564
15194,2564
15195,2564
15196,2564
15197,2564
15198,2564
15199,2564
15200,2564
15201,2564
15202,2564
15203,2564
15204,2564
15205,2564
15206,2564
15207,2564
15208,2564
15209,2564
15210,2564
15211,2564
15212,2564
15213,2564
15214,2564
15215,2564
15216,2564
15217,2564
15218,2564
15219,2564
15220,2564
15221,2564
15222,2564
15223,2564
15224,2564
15225,2564
15226,2564
15227,2564
15228,2564
15229,2564
15230,2564
15231,2564
15232,2564
15233,2564
15234,2564
15235,2564
15236,2564
15237,2564
15238,2564
15239,2564
15240,2564
15241,2564
15242,2564
15243,2564
15244,2564
15245,2564
15246,2564
15247,2564
15248,2564
15249,2564
15250,2564
15251,2564
15252,2564
15253,2564
15254,2564
15255,2564
15256,2564
15257,2564
15258,2564
15259,2564
15260,2564
15261,2564
15262,2564
15263,2564
15264,2564
15265,2564
15266,2564
15267,2564
15268,2564
15269,2564
15270,2564
15271,2564
15272,2564
15273,2564
15274,2564
15275,2564
15276,2564
15277,2564
15278,2564
15279,2564
15280,2564
15281,2564
15282,2564
15283,2564
15284,2564
15285,2564
15286,2564
15287,2564
15288,2564
15289,2564
15290,2564
15291,2564
15292,2564
15293,2564
15294,2564
15295,2564
15296,2564
15297,2564
15298,2564
15299,2564
15300,2567
15301,2567
15302,2567
15303,2567
15304,2567
15305,2567
15306,2567
15307,2567
15308,2567
15309,2567
15310,2567
15311,2567
15312,2567
15313,2567
15314,2567
15315,2567
15316,2567
15317,2568
15318,2568
15319,2568
15320,2568
15321,2568
15322,2568
15323,2568
15324,2568
15325,2568
15326,2568
15327,2568
15328,2568
15329,2568
15330,2568
15331,2568
15332,2568
15333,2568
15334,2568
15335,2568
15336,2568
15337,2568
15338,2568
15339,2568
15340,2568
15341,2568
15342,2568
15343,2568
15344,2568
15345,2568
15346,2568
15347,2568
15348,2568
15349,2568
15350,2568
15351,2568
15352,2568
15353,2568
15354,2568
15355,2568
15356,2568
15357,2568
15358,2568
15359,2568
15360,2568
15361,2568
15362,2568
15363,2568
15364,2568
15365,2568
15366,2568
15367,2568
15368,2568
15369,2568
15370,2568
15371,2568
15372,2568
15373,2568
15374,2568
15375,2568
15376,2568
15377,2568
15378,2568
15379,2568
15380,2568
15381,2568
15382,2568
15383,2568
15384,2568
15385,2568
15386,2568
15387,2568
15388,2568
15389,2568
15390,2568
15391,2568
15392,2568
15393,2568
15394,2568
15395,2568
15396,2568
15397,2570
15398,2570
15399,2570
15400,2570
15401,2570
15402,2570
15403,2570
15404,2570
15405,2570
15406,2570
15407,2570
15408,2570
15409,2570
15410,2570
15411,2570
15412,2570
15413,2570
15414,2570
15415,2570
15416,2570
15417,2570
15418,2570
15419,2570
15420,2570
15421,2570
15422,2570
15423,2570
15424,2570
15425,2570
15426,2570
15427,2570
15428,2570
15429,2570
15430,2570
15431,2570
15432,2570
15433,2570
15434,2570
15435,2573
15436,2573
15437,2573
15438,2573
15439,2573
15440,2573
15441,2573
15442,2573
15443,2573
15444,2573
15445,2573
15446,2573
15447,2573
15448,2573
15449,2573
15450,2573
15451,2573
15452,2573
15453,2573
15454,2573
15455,2573
15456,2573
15457,2573
15458,2573
15459,2573
15460,2573
15461,2573
15462,2573
15463,2573
15464,2573
15465,2573
15466,2573
15467,2573
15468,2573
15469,2573
15470,2573
15471,2573
15472,2573
15473,2573
15474,2573
15475,2573
15476,2573
15477,2573
15478,2573
15479,2573
15480,2573
15481,2573
15482,2573
15483,2573
15484,2573
15485,2573
15486,2573
15487,2573
15488,2573
15489,2573
15490,2573
15491,2573
15492,2573
15493,2573
15494,2573
15495,2573
15496,2573
15497,2573
15498,2573
15499,2573
15500,2573
15501,2573
15502,2573
15503,2573
15504,2573
15505,2573
15506,2573
15507,2573
15508,2573
15509,2573
15510,2573
15511,2573
15512,2573
15513,2573
15514,2573
15515,2573
15516,2573
15517,2573
15518,2573
15519,2573
15520,2573
15521,2573
15522,2573
15523,2573
15524,2573
15525,2573
15526,2573
15527,2573
15528,2573
15529,2573
15530,2573
15531,2573
15532,2573
15533,2573
15534,2573
15535,2573
15536,2573
15537,2573
15538,2573
15539,2573
15540,2573
15541,2573
15542,2573
15543,2573
15544,2573
15545,2573
15546,2573
15547,2573
15548,2573
15549,2573
15550,2573
15551,2573
15552,2573
15553,2573
15554,2573
15555,2573
15556,2573
15557,2573
15558,2573
15559,2573
15560,2573
15561,2573
15562,2573
15563,2573
15564,2573
15565,2573
15566,2573
15567,2573
15568,2573
15569,2573
15570,2573
15571,2573
15572,2573
15573,2573
15574,2573
15575,2573
15576,2573
15577,2573
15578,2573
15579,2573
15580,2573
15581,2573
15582,2573
15583,2573
15584,2573
15585,2573
15586,2573
15587,2573
15588,2573
15589,2573
15590,2573
15591,2573
15592,2573
15593,2573
15594,2573
15595,2573
15596,2573
15597,2573
15598,2573
15599,2573
15600,2573
15601,2573
15602,2573
15603,2573
15604,2573
15605,2573
15606,2573
15607,2573
15608,2573
15609,2573
15610,2573
15611,2573
15612,2573
15613,2573
15614,2573
15615,2573
15616,2573
15617,2573
15618,2573
15619,2573
15620,2573
15621,2573
15622,2573
15623,2573
15624,2573
15625,2573
15626,2573
15627,2573
15628,2573
15629,2573
15630,2573
15631,2573
15632,2573
15633,2573
15634,2573
15635,2573
15636,2573
15637,2573
15638,2573
15639,2573
15640,2573
15641,2573
15642,2573
15643,2573
15644,2573
15645,2573
15646,2573
15647,2573
15648,2573
15649,2573
15650,2573
15651,2573
15652,2573
15653,2573
15654,2573
15655,2573
15656,2573
15657,2573
15658,2573
15659,2573
15660,2573
15661,2573
15662,2573
15663,2573
15664,2573
15665,2573
15666,2573
15667,2573
15668,2573
15669,2573
15670,2573
15671,2573
15672,2573
15673,2573
15674,2573
15675,2573
15676,2573
15677,2573
15678,2573
15679,2573
15680,2573
15681,2573
15682,2573
15683,2573
15684,2573
15685,2573
15686,2573
15687,2573
15688,2573
15689,2573
15690,2573
15691,2573
15692,2573
15693,2573
15694,2573
15695,2573
15696,2573
15697,2573
15698,2573
15699,2573
15700,2573
15701,2573
15702,2573
15703,2573
15704,2573
15705,2573
15706,2573
15707,2573
15708,2573
15709,2573
15710,2573
15711,2573
15712,2573
15713,2573
15714,2573
15715,2573
15716,2573
15717,2573
15718,2573
15719,2573
15720,2573
15721,2573
15722,2573
15723,2573
15724,2573
15725,2573
15726,2573
15727,2573
15728,2573
15729,2573
15730,2573
15731,2573
15732,2573
15733,2573
15734,2573
15735,2573
15736,2573
15737,2573
15738,2573
15739,2573
15740,2573
15741,2573
15742,2573
15743,2573
15744,2573
15745,2573
15746,2573
15747,2573
15748,2573
15749,2573
15750,2573
15751,2573
15752,2573
15753,2573
15754,2573
15755,2573
15756,2573
15757,2573
15758,2573
15759,2573
15760,2573
15761,2573
15762,2573
15763,2573
15764,2573
15765,2573
15766,2573
15767,2573
15768,2573
15769,2573
15770,2573
15771,2573
15772,2573
15773,2573
15774,2573
15775,2573
15776,2573
15777,2573
15778,2573
15779,2573
15780,2573
15781,2573
15782,2573
15783,2573
15784,2573
15785,2573
15786,2573
15787,2573
15788,2573
15789,2573
15790,2573
15791,2573
15792,2573
15793,2573
15794,2573
15795,2573
15796,2573
15797,2573
15798,2573
15799,2573
15800,2573
15801,2573
15802,2573
15803,2573
15804,2573
15805,2573
15806,2573
15807,2573
15808,2573
15809,2573
15810,2573
15811,2577
15812,2577
15813,2577
15814,2577
15815,2577
15816,2577
15817,2577
15818,2577
15819,2577
15820,2577
15821,2577
15822,2577
15823,2577
15824,2577
15825,2577
15826,2577
15827,2577
15828,2577
15829,2577
15830,2577
15831,2577
15832,2577
15833,2577
15834,2577
15835,2577
15836,2577
15837,2577
15838,2577
15839,2577
15840,2577
15841,2577
15842,2577
15843,2577
15844,2577
15845,2577
15846,2577
15847,2577
15848,2577
15849,2577
15850,2577
15851,2577
15852,2577
15853,2577
15854,2577
15855,2577
15856,2577
15857,2577
15858,2577
15859,2577
15860,2577
15861,2577
15862,2577
15863,2577
15864,2577
15865,2577
15866,2577
15867,2577
15868,2577
15869,2577
15870,2577
15871,2577
15872,2577
15873,2577
15874,2577
15875,2577
15876,2577
15877,2577
15878,2577
15879,2577
15880,2577
15881,2577
15882,2577
15883,2577
15884,2577
15885,2577
15886,2577
15887,2577
15888,2577
15889,2577
15890,2577
15891,2577
15892,2577
15893,2577
15894,2577
15895,2577
15896,2577
15897,2577
15898,2577
15899,2577
15900,2577
15901,2577
15902,2577
15903,2577
15904,2577
15905,2577
15906,2577
15907,2577
15908,2577
15909,2577
15910,2577
15911,2577
15912,2577
15913,2577
15914,2577
15915,2577
15916,2577
15917,2577
15918,2577
15919,2578
15920,2578
15921,2578
15922,2578
15923,2578
15924,2578
15925,2578
15926,2578
15927,2578
15928,2578
15929,2578
15930,2578
15931,2578
15932,2578
15933,2578
15934,2578
15935,2578
15936,2578
15937,2578
15938,2578
15939,2578
15940,2578
15941,2578
15942,2578
15943,2578
15944,2578
15945,2578
15946,2578
15947,2578
15948,2578
15949,2578
15950,2578
15951,2578
15952,2578
15953,2578
15954,2578
15955,2578
15956,2578
15957,2578
15958,2578
15959,2578
15960,2578
15961,2578
15962,2578
15963,2578
15964,2578
15965,2578
15966,2578
15967,2578
15968,2578
15969,2578
15970,2578
15971,2578
15972,2578
15973,2578
15974,2578
15975,2578
15976,2578
15977,2578
15978,2578
15979,2578
15980,2578
15981,2578
15982,2578
15983,2578
15984,2578
15985,2578
15986,2578
15987,2578
15988,2578
15989,2578
15990,2578
15991,2578
15992,2578
15993,2578
15994,2582
15995,2582
15996,2582
15997,2582
15998,2582
15999,2582
16000,2582
16001,2582
16002,2582
16003,2582
16004,2582
16005,2582
16006,2582
16007,2582
16008,2582
16009,2582
16010,2582
16011,2582
16012,2582
16013,2582
16014,2582
16015,2582
16016,2582
16017,2582
16018,2582
16019,2582
16020,2582
16021,2582
16022,2582
16023,2582
16024,2582
16025,2582
16026,2582
16027,2582
16028,2582
16029,2582
16030,2582
16031,2582
16032,2582
16033,2582
16034,2582
16035,2582
16036,2582
16037,2582
16038,2582
16039,2582
16040,2582
16041,2582
16042,2582
16043,2582
16044,2582
16045,2582
16046,2582
16047,2582
16048,2582
16049,2582
16050,2582
16051,2582
16052,2582
16053,2582
16054,2582
16055,2582
16056,2582
16057,2582
16058,2582
16059,2582
16060,2582
16061,2582
16062,2582
16063,2582
16064,2582
16065,2582
16066,2582
16067,2582
16068,2582
16069,2582
16070,2582
16071,2582
16072,2582
16073,2582
16074,2582
16075,2582
16076,2582
16077,2582
16078,2582
16079,2582
16080,2582
16081,2582
16082,2582
16083,2582
16084,2582
16085,2582
16086,2582
16087,2582
16088,2582
16089,2582
16090,2582
16091,2582
16092,2582
16093,2582
16094,2582
16095,2582
16096,2582
16097,2582
16098,2582
16099,2582
16100,2582
16101,2582
16102,2582
16103,2582
16104,2582
16105,2582
16106,2582
16107,2582
16108,2582
16109,2582
16110,2582
16111,2582
16112,2582
16113,2582
16114,2582
16115,2582
16116,2582
16117,2582
16118,2582
16119,2582
16120,2582
16121,2582
16122,2582
16123,2582
16124,2582
16125,2582
16126,2582
16127,2582
16128,2582
16129,2582
16130,2582
16131,2582
16132,2582
16133,2582
16134,2582
16135,2582
16136,2582
16137,2582
16138,2582
16139,2582
16140,2582
16141,2582
16142,2582
16143,2582
16144,2582
16145,2582
16146,2582
16147,2582
16148,2582
16149,2582
16150,2582
16151,2582
16152,2582
16153,2582
16154,2582
16155,2582
16156,2582
16157,2582
16158,2582
16159,2582
16160,2582
16161,2582
16162,2582
16163,2582
16164,2582
16165,2582
16166,2582
16167,2582
16168,2582
16169,2582
16170,2582
16171,2582
16172,2582
16173,2582
16174,2582
16175,2582
16176,2582
16177,2582
16178,2582
16179,2582
16180,2582
16181,2582
16182,2582
16183,2582
16184,2582
16185,2582
16186,2582
16187,2582
16188,2582
16189,2582
16190,2582
16191,2582
16192,2582
16193,2582
16194,2582
16195,2582
16196,2582
16197,2582
16198,2582
16199,2582
16200,2582
16201,2582
16202,2582
16203,2582
16204,2582
16205,2582
16206,2582
16207,2582
16208,2582
16209,2582
16210,2582
16211,2582
16212,2582
16213,2582
16214,2582
16215,2582
16216,2582
16217,2582
16218,2582
16219,2582
16220,2582
16221,2582
16222,2582
16223,2582
16224,2582
16225,2582
16226,2582
16227,2582
16228,2582
16229,2582
16230,2582
16231,2582
16232,2582
16233,2582
16234,2582
16235,2582
16236,2582
16237,2582
16238,2582
16239,2582
16240,2582
16241,2582
16242,2582
16243,2582
16244,2582
16245,2582
16246,2582
16247,2582
16248,2582
16249,2582
16250,2582
16251,2582
16252,2582
16253,2582
16254,2582
16255,2582
16256,2582
16257,2582
16258,2582
16259,2582
16260,2582
16261,2582
16262,2582
16263,2582
16264,2584
16265,2584
16266,2584
16267,2584
16268,2584
16269,2584
16270,2584
16271,2584
16272,2584
16273,2584
16274,2584
16275,2584
16276,2584
16277,2584
16278,2584
16279,2584
16280,2584
16281,2584
16282,2584
16283,2584
16284,2584
16285,2584
16286,2584
16287,2584
16288,2584
16289,2584
16290,2584
16291,2584
16292,2584
16293,2584
16294,2584
16295,2584
16296,2584
16297,2584
16298,2584
16299,2584
16300,2584
16301,2584
16302,2584
16303,2584
16304,2584
16305,2584
16306,2584
16307,2584
16308,2584
16309,2584
16310,2584
16311,2584
16312,2584
16313,2584
16314,2584
16315,2584
16316,2584
16317,2584
16318,2584
16319,2584
16320,2584
16321,2584
16322,2584
16323,2584
16324,2584
16325,2584
16326,2584
16327,2584
16328,2584
16329,2584
16330,2584
16331,2584
16332,2584
16333,2584
16334,2584
16335,2584
16336,2584
16337,2584
16338,2584
16339,2584
16340,2585
16341,2585
16342,2585
16343,2585
16344,2585
16345,2585
16346,2585
16347,2585
16348,2585
16349,2585
16350,2585
16351,2585
16352,2585
16353,2585
16354,2585
16355,2585
16356,2585
16357,2585
16358,2585
16359,2585
16360,2585
16361,2585
16362,2585
16363,2585
16364,2585
16365,2585
16366,2585
16367,2585
16368,2585
16369,2587
16370,2587
16371,2587
16372,2587
16373,2587
16374,2587
16375,2587
16376,2587
16377,2587
16378,2587
16379,2587
16380,2587
16381,2587
16382,2587
16383,2587
16384,2587
16385,2587
16386,2587
16387,2587
16388,2587
16389,2587
16390,2587
16391,2587
16392,2587
16393,2587
16394,2587
16395,2587
16396,2587
16397,2587
16398,2587
16399,2587
16400,2587
16401,2587
16402,2587
16403,2587
16404,2587
16405,2587
16406,2587
16407,2587
16408,2587
16409,2587
16410,2587
16411,2587
16412,2587
16413,2587
16414,2587
16415,2587
16416,2587
16417,2587
16418,2587
16419,2587
16420,2587
16421,2587
16422,2587
16423,2587
16424,2587
16425,2587
16426,2587
16427,2587
16428,2587
16429,2587
16430,2587
16431,2587
16432,2587
16433,2587
16434,2587
16435,2587
16436,2587
16437,2587
16438,2587
16439,2587
16440,2587
16441,2587
16442,2587
16443,2587
16444,2587
16445,2587
16446,2587
16447,2587
16448,2587
16449,2587
16450,2587
16451,2587
16452,2587
16453,2587
16454,2587
16455,2587
16456,2587
16457,2587
16458,2587
16459,2587
16460,2589
16461,2589
16462,2589
16463,2589
16464,2589
16465,2589
16466,2589
16467,2589
16468,2589
16469,2589
16470,2589
16471,2589
16472,2589
16473,2589
16474,2589
16475,2589
16476,2589
16477,2589
16478,2589
16479,2589
16480,2589
16481,2589
16482,2589
16483,2589
16484,2589
16485,2589
16486,2589
16487,2589
16488,2589
16489,2589
16490,2589
16491,2589
16492,2589
16493,2589
16494,2589
16495,2589
16496,2589
16497,2589
16498,2589
16499,2589
16500,2589
16501,2589
16502,2589
16503,2589
16504,2589
16505,2589
16506,2589
16507,2589
16508,2589
16509,2592
16510,2592
16511,2592
16512,2592
16513,2593
16514,2593
16515,2593
16516,2593
16517,2593
16518,2593
16519,2593
16520,2593
16521,2593
16522,2593
16523,2593
16524,2593
16525,2593
16526,2593
16527,2593
16528,2593
16529,2593
16530,2593
16531,2593
16532,2593
16533,2593
16534,2593
16535,2593
16536,2593
16537,2593
16538,2593
16539,2593
16540,2593
16541,2593
16542,2593
16543,2593
16544,2593
16545,2593
16546,2593
16547,2593
16548,2593
16549,2593
16550,2593
16551,2593
16552,2593
16553,2593
16554,2593
16555,2606
16556,2606
16557,2606
16558,2606
16559,2606
16560,2606
16561,2606
16562,2606
16563,2606
16564,2606
16565,2606
16566,2606
16567,2606
16568,2606
16569,2606
16570,2606
16571,2606
16572,2606
16573,2606
16574,2606
16575,2606
16576,2606
16577,2606
16578,2606
16579,2606
16580,2606
16581,2606
16582,2606
16583,2614
16584,2614
16585,2614
16586,2614
16587,2614
16588,2614
16589,2614
16590,2614
16591,2614
16592,2614
16593,2614
16594,2614
16595,2614
16596,2614
16597,2614
16598,2614
16599,2614
16600,2614
16601,2614
16602,2614
16603,2614
16604,2617
16605,2617
16606,2617
16607,2617
16608,2617
16609,2625
16610,2625
16611,2625
16612,2625
16613,2625
16614,2625
16615,2625
16616,2625
16617,2625
16618,2625
16619,2625
16620,2625
16621,2625
16622,2625
16623,2625
16624,2625
16625,2625
16626,2625
16627,2625
16628,2625
16629,2625
16630,2625
16631,2625
16632,2625
16633,2625
16634,2625
16635,2625
16636,2625
16637,2625
16638,2625
16639,2625
16640,2625
16641,2635
16642,2635
16643,2635
16644,2635
16645,2635
16646,2635
16647,2635
16648,2635
16649,2635
16650,2635
16651,2635
16652,2635
16653,2635
16654,2635
16655,2635
16656,2635
16657,2635
16658,2635
16659,2635
16660,2635
16661,2635
16662,2635
16663,2635
16664,2635
16665,2635
16666,2635
16667,2635
16668,2635
16669,2635
16670,2635
16671,2635
16672,2635
16673,2635
16674,2635
16675,2635
16676,2635
16677,2635
16678,2635
16679,2638
16680,2638
16681,2638
16682,2638
16683,2638
16684,2638
16685,2638
16686,2638
16687,2638
16688,2638
16689,2638
16690,2638
16691,2638
16692,2638
16693,2638
16694,2638
16695,2638
16696,2638
16697,2638
16698,2638
16699,2638
16700,2638
16701,2639
16702,2639
16703,2639
16704,2639
16705,2639
16706,2639
16707,2639
16708,2639
16709,2639
16710,2639
16711,2639
16712,2639
16713,2639
16714,2639
16715,2639
16716,2641
16717,2641
16718,2641
16719,2641
16720,2641
16721,2641
16722,2641
16723,2641
16724,2641
16725,2641
16726,2641
16727,2641
16728,2641
16729,2641
16730,2641
16731,2641
16732,2641
16733,2641
16734,2641
16735,2641
16736,2641
16737,2641
16738,2641
16739,2641
16740,2641
16741,2641
16742,2641
16743,2641
16744,2641
16745,2641
16746,2641
16747,2641
16748,2641
16749,2641
16750,2641
16751,2641
16752,2641
16753,2641
16754,2641
16755,2641
16756,2641
16757,2641
16758,2641
16759,2641
16760,2641
16761,2641
16762,2641
16763,2641
16764,2641
16765,2641
16766,2641
16767,2641
16768,2641
16769,2643
16770,2643
16771,2643
16772,2643
16773,2643
16774,2643
16775,2643
16776,2643
16777,2643
16778,2643
16779,2643
16780,2643
16781,2643
16782,2643
16783,2643
16784,2643
16785,2644
16786,2644
16787,2644
16788,2644
16789,2644
16790,2644
16791,2644
16792,2644
16793,2644
16794,2644
16795,2644
16796,2644
16797,2644
16798,2644
16799,2644
16800,2644
16801,2644
16802,2644
16803,2644
16804,2650
16805,2650
16806,2650
16807,2650
16808,2650
16809,2650
16810,2650
16811,2650
16812,2650
16813,2650
16814,2650
16815,2650
16816,2650
16817,2650
16818,2650
16819,2650
16820,2650
16821,2650
16822,2650
16823,2650
16824,2650
16825,2650
16826,2650
16827,2650
16828,2650
16829,2650
16830,2650
16831,2650
16832,2650
16833,2650
16834,2650
16835,2650
16836,2650
16837,2650
16838,2650
16839,2650
16840,2650
16841,2650
16842,2650
16843,2650
16844,2650
16845,2650
16846,2650
16847,2650
16848,2650
16849,2650
16850,2650
16851,2650
16852,2654
16853,2654
16854,2654
16855,2654
16856,2654
16857,2654
16858,2654
16859,2654
16860,2654
16861,2654
16862,2654
16863,2654
16864,2654
16865,2654
16866,2654
16867,2654
16868,2654
16869,2654
16870,2654
16871,2654
16872,2654
16873,2654
16874,2654
16875,2654
16876,2654
16877,2654
16878,2654
16879,2654
16880,2654
16881,2654
16882,2654
16883,2654
16884,2654
16885,2654
16886,2654
16887,2654
16888,2654
16889,2654
16890,2654
16891,2654
16892,2654
16893,2654
16894,2654
16895,2654
16896,2654
16897,2654
16898,2654
16899,2654
16900,2654
16901,2654
16902,2654
16903,2654
16904,2654
16905,2654
16906,2654
16907,2654
16908,2654
16909,2654
16910,2654
16911,2654
16912,2654
16913,2654
16914,2654
16915,2654
16916,2654
16917,2654
16918,2654
16919,2654
16920,2654
16921,2654
16922,2654
16923,2654
16924,2654
16925,2654
16926,2654
16927,2654
16928,2654
16929,2654
16930,2654
16931,2654
16932,2654
16933,2654
16934,2654
16935,2654
16936,2654
16937,2654
16938,2654
16939,2654
16940,2654
16941,2654
16942,2654
16943,2654
16944,2654
16945,2654
16946,2654
16947,2654
16948,2654
16949,2654
16950,2654
16951,2654
16952,2654
16953,2654
16954,2654
16955,2654
16956,2654
16957,2654
16958,2654
16959,2654
16960,2654
16961,2654
16962,2654
16963,2654
16964,2654
16965,2654
16966,2654
16967,2654
16968,2654
16969,2654
16970,2654
16971,2654
16972,2654
16973,2654
16974,2654
16975,2654
16976,2654
16977,2654
16978,2654
16979,2654
16980,2654
16981,2654
16982,2654
16983,2654
16984,2654
16985,2654
16986,2654
16987,2654
16988,2654
16989,2654
16990,2654
16991,2654
16992,2654
16993,2654
16994,2654
16995,2654
16996,2654
16997,2654
16998,2654
16999,2654
17000,2654
17001,2654
17002,2654
17003,2654
17004,2654
17005,2654
17006,2654
17007,2654
17008,2654
17009,2654
17010,2654
17011,2654
17012,2654
17013,2654
17014,2654
17015,2654
17016,2654
17017,2654
17018,2654
17019,2654
17020,2654
17021,2654
17022,2654
17023,2654
17024,2654
17025,2654
17026,2654
17027,2654
17028,2654
17029,2654
17030,2654
17031,2654
17032,2654
17033,2654
17034,2654
17035,2654
17036,2654
17037,2654
17038,2654
17039,2654
17040,2654
17041,2654
17042,2654
17043,2654
17044,2654
17045,2654
17046,2654
17047,2654
17048,2654
17049,2654
17050,2654
17051,2654
17052,2654
17053,2656
17054,2656
17055,2656
17056,2656
17057,2656
17058,2656
17059,2656
17060,2656
17061,2656
17062,2656
17063,2656
17064,2656
17065,2656
17066,2656
17067,2656
17068,2656
17069,2656
17070,2656
17071,2656
17072,2656
17073,2656
17074,2656
17075,2656
17076,2656
17077,2656
17078,2656
17079,2656
17080,2656
17081,2656
17082,2656
17083,2656
17084,2656
17085,2656
17086,2656
17087,2656
17088,2656
17089,2656
17090,2656
17091,2656
17092,2656
17093,2656
17094,2656
17095,2656
17096,2656
17097,2656
17098,2656
17099,2656
17100,2656
17101,2656
17102,2656
17103,2656
17104,2656
17105,2656
17106,2656
17107,2656
17108,2656
17109,2656
17110,2656
17111,2656
17112,2656
17113,2656
17114,2656
17115,2656
17116,2656
17117,2656
17118,2656
17119,2656
17120,2656
17121,2656
17122,2656
17123,2656
17124,2656
17125,2656
17126,2656
17127,2656
17128,2656
17129,2656
17130,2656
17131,2656
17132,2656
17133,2656
17134,2656
17135,2656
17136,2656
17137,2656
17138,2656
17139,2656
17140,2656
17141,2656
17142,2656
17143,2656
17144,2656
17145,2656
17146,2656
17147,2656
17148,2656
17149,2656
17150,2656
17151,2656
17152,2656
17153,2656
17154,2656
17155,2656
17156,2656
17157,2656
17158,2656
17159,2656
17160,2656
17161,2656
17162,2656
17163,2656
17164,2656
17165,2656
17166,2656
17167,2656
17168,2656
17169,2656
17170,2656
17171,2656
17172,2656
17173,2656
17174,2656
17175,2656
17176,2656
17177,2656
17178,2656
17179,2656
17180,2656
17181,2656
17182,2656
17183,2656
17184,2656
17185,2656
17186,2656
17187,2656
17188,2656
17189,2656
17190,2656
17191,2656
17192,2656
17193,2656
17194,2656
17195,2656
17196,2656
17197,2656
17198,2656
17199,2656
17200,2656
17201,2656
17202,2656
17203,2656
17204,2656
17205,2656
17206,2656
17207,2656
17208,2656
17209,2656
17210,2656
17211,2656
17212,2656
17213,2656
17214,2656
17215,2656
17216,2656
17217,2656
17218,2656
17219,2656
17220,2656
17221,2656
17222,2656
17223,2656
17224,2656
17225,2656
17226,2656
17227,2656
17228,2656
17229,2656
17230,2656
17231,2656
17232,2656
17233,2656
17234,2656
17235,2656
17236,2656
17237,2656
17238,2656
17239,2656
17240,2656
17241,2656
17242,2656
17243,2656
17244,2656
17245,2656
17246,2657
17247,2657
17248,2657
17249,2657
17250,2657
17251,2657
17252,2657
17253,2657
17254,2657
17255,2658
17256,2658
17257,2658
17258,2658
17259,2658
17260,2658
17261,2658
17262,2658
17263,2658
17264,2658
17265,2658
17266,2658
17267,2658
17268,2658
17269,2658
17270,2658
17271,2658
17272,2658
17273,2658
17274,2658
17275,2658
17276,2658
17277,2658
17278,2658
17279,2658
17280,2658
17281,2658
17282,2658
17283,2658
17284,2658
17285,2658
17286,2658
17287,2658
17288,2658
17289,2658
17290,2658
17291,2658
17292,2658
17293,2658
17294,2658
17295,2658
17296,2658
17297,2658
17298,2658
17299,2658
17300,2658
17301,2658
17302,2658
17303,2658
17304,2658
17305,2658
17306,2658
17307,2658
17308,2658
17309,2658
17310,2658
17311,2658
17312,2658
17313,2658
17314,2658
17315,2658
17316,2658
17317,2658
17318,2658
17319,2658
17320,2658
17321,2658
17322,2658
17323,2658
17324,2658
17325,2658
17326,2658
17327,2658
17328,2658
17329,2658
17330,2658
17331,2658
17332,2658
17333,2658
17334,2658
17335,2658
17336,2658
17337,2658
17338,2658
17339,2658
17340,2658
17341,2658
17342,2658
17343,2658
17344,2658
17345,2658
17346,2658
17347,2658
17348,2658
17349,2658
17350,2658
17351,2658
17352,2658
17353,2660
17354,2660
17355,2660
17356,2660
17357,2660
17358,2660
17359,2660
17360,2660
17361,2660
17362,2660
17363,2660
17364,2660
17365,2660
17366,2660
17367,2660
17368,2660
17369,2660
17370,2660
17371,2660
17372,2660
17373,2660
17374,2660
17375,2660
17376,2660
17377,2660
17378,2660
17379,2660
17380,2660
17381,2660
17382,2660
17383,2660
17384,2660
17385,2660
17386,2660
17387,2660
17388,2660
17389,2660
17390,2660
17391,2660
17392,2660
17393,2660
17394,2660
17395,2660
17396,2660
17397,2660
17398,2660
17399,2660
17400,2660
17401,2660
17402,2660
17403,2660
17404,2660
17405,2660
17406,2660
17407,2660
17408,2660
17409,2660
17410,2660
17411,2660
17412,2660
17413,2660
17414,2660
17415,2660
17416,2660
17417,2660
17418,2660
17419,2660
17420,2660
17421,2660
17422,2660
17423,2660
17424,2660
17425,2660
17426,2660
17427,2660
17428,2660
17429,2660
17430,2660
17431,2660
17432,2660
17433,2660
17434,2660
17435,2660
17436,2660
17437,2660
17438,2660
17439,2660
17440,2660
17441,2660
17442,2660
17443,2660
17444,2660
17445,2660
17446,2660
17447,2660
17448,2660
17449,2660
17450,2660
17451,2660
17452,2660
17453,2660
17454,2660
17455,2660
17456,2660
17457,2660
17458,2660
17459,2660
17460,2660
17461,2660
17462,2660
17463,2660
17464,2660
17465,2660
17466,2660
17467,2660
17468,2660
17469,2660
17470,2660
17471,2660
17472,2660
17473,2660
17474,2660
17475,2660
17476,2660
17477,2660
17478,2660
17479,2660
17480,2660
17481,2660
17482,2660
17483,2660
17484,2660
17485,2660
17486,2660
17487,2660
17488,2660
17489,2660
17490,2660
17491,2660
17492,2660
17493,2660
17494,2660
17495,2660
17496,2660
17497,2660
17498,2660
17499,2660
17500,2660
17501,2660
17502,2660
17503,2660
17504,2660
17505,2660
17506,2660
17507,2660
17508,2660
17509,2660
17510,2660
17511,2660
17512,2660
17513,2660
17514,2660
17515,2660
17516,2660
17517,2660
17518,2660
17519,2662
17520,2662
17521,2662
17522,2662
17523,2662
17524,2662
17525,2662
17526,2662
17527,2662
17528,2662
17529,2662
17530,2662
17531,2662
17532,2662
17533,2662
17534,2662
17535,2662
17536,2662
17537,2662
17538,2662
17539,2662
17540,2662
17541,2662
17542,2662
17543,2662
17544,2662
17545,2662
17546,2662
17547,2662
17548,2662
17549,2662
17550,2662
17551,2662
17552,2662
17553,2662
17554,2662
17555,2679
17556,2679
17557,2679
17558,2679
17559,2679
17560,2679
17561,2679
17562,2679
17563,2679
17564,2679
17565,2681
17566,2681
17567,2681
17568,2681
17569,2681
17570,2681
17571,2681
17572,2681
17573,2681
17574,2681
17575,2681
17576,2681
17577,2681
17578,2681
17579,2681
17580,2681
17581,2681
17582,2681
17583,2681
17584,2681
17585,2681
17586,2681
17587,2681
17588,2681
17589,2681
17590,2681
17591,2681
17592,2681
17593,2681
17594,2681
17595,2681
17596,2681
17597,2681
17598,2681
17599,2681
17600,2681
17601,2681
17602,2681
17603,2681
17604,2681
17605,2681
17606,2681
17607,2681
17608,2681
17609,2681
17610,2681
17611,2681
17612,2681
17613,2681
17614,2681
17615,2681
17616,2681
17617,2681
17618,2681
17619,2681
17620,2681
17621,2681
17622,2681
17623,2681
17624,2681
17625,2681
17626,2681
17627,2681
17628,2681
17629,2681
17630,2681
17631,2681
17632,2681
17633,2681
17634,2681
17635,2681
17636,2681
17637,2681
17638,2681
17639,2681
17640,2681
17641,2681
17642,2681
17643,2681
17644,2681
17645,2681
17646,2681
17647,2681
17648,2681
17649,2681
17650,2681
17651,2681
17652,2681
17653,2681
17654,2681
17655,2681
17656,2681
17657,2681
17658,2681
17659,2681
17660,2681
17661,2681
17662,2681
17663,2681
17664,2681
17665,2681
17666,2681
17667,2681
17668,2681
17669,2681
17670,2681
17671,2681
17672,2681
17673,2681
17674,2681
17675,2681
17676,2681
17677,2681
17678,2681
17679,2681
17680,2681
17681,2681
17682,2681
17683,2681
17684,2681
17685,2681
17686,2681
17687,2681
17688,2681
17689,2681
17690,2681
17691,2681
17692,2681
17693,2681
17694,2681
17695,2681
17696,2681
17697,2681
17698,2681
17699,2681
17700,2681
17701,2681
17702,2681
17703,2681
17704,2681
17705,2681
17706,2681
17707,2681
17708,2681
17709,2681
17710,2681
17711,2681
17712,2681
17713,2681
17714,2681
17715,2681
17716,2681
17717,2681
17718,2681
17719,2681
17720,2681
17721,2681
17722,2681
17723,2681
17724,2681
17725,2681
17726,2681
17727,2681
17728,2681
17729,2681
17730,2681
17731,2681
17732,2681
17733,2681
17734,2681
17735,2681
17736,2681
17737,2681
17738,2681
17739,2681
17740,2681
17741,2681
17742,2681
17743,2681
17744,2681
17745,2685
17746,2685
17747,2685
17748,2685
17749,2685
17750,2685
17751,2685
17752,2685
17753,2685
17754,2685
17755,2685
17756,2685
17757,2685
17758,2685
17759,2685
17760,2685
17761,2685
17762,2685
17763,2685
17764,2685
17765,2685
17766,2685
17767,2685
17768,2685
17769,2685
17770,2685
17771,2685
17772,2685
17773,2685
17774,2685
17775,2685
17776,2685
17777,2685
17778,2685
17779,2685
17780,2685
17781,2685
17782,2685
17783,2685
17784,2685
17785,2685
17786,2685
17787,2685
17788,2685
17789,2685
17790,2685
17791,2685
17792,2685
17793,2685
17794,2685
17795,2685
17796,2685
17797,2685
17798,2685
17799,2685
17800,2685
17801,2685
17802,2685
17803,2685
17804,2685
17805,2685
17806,2685
17807,2685
17808,2685
17809,2685
17810,2685
17811,2685
17812,2685
17813,2685
17814,2685
17815,2685
17816,2685
17817,2685
17818,2685
17819,2685
17820,2685
17821,2685
17822,2685
17823,2685
17824,2685
17825,2685
17826,2685
17827,2685
17828,2685
17829,2685
17830,2685
17831,2685
17832,2685
17833,2685
17834,2685
17835,2685
17836,2685
17837,2685
17838,2685
17839,2685
17840,2685
17841,2685
17842,2685
17843,2685
17844,2685
17845,2685
17846,2685
17847,2685
17848,2685
17849,2685
17850,2685
17851,2685
17852,2685
17853,2685
17854,2685
17855,2685
17856,2685
17857,2685
17858,2685
17859,2685
17860,2685
17861,2685
17862,2685
17863,2685
17864,2685
17865,2685
17866,2685
17867,2685
17868,2685
17869,2685
17870,2685
17871,2685
17872,2685
17873,2685
17874,2685
17875,2685
17876,2685
17877,2685
17878,2685
17879,2685
17880,2685
17881,2685
17882,2685
17883,2687
17884,2687
17885,2687
17886,2687
17887,2687
17888,2687
17889,2687
17890,2687
17891,2687
17892,2687
17893,2687
17894,2687
17895,2687
17896,2687
17897,2687
17898,2687
17899,2687
17900,2687
17901,2687
17902,2687
17903,2687
17904,2687
17905,2687
17906,2687
17907,2687
17908,2687
17909,2687
17910,2687
17911,2687
17912,2687
17913,2687
17914,2687
17915,2687
17916,2687
17917,2687
17918,2687
17919,2687
17920,2687
17921,2687
17922,2687
17923,2687
17924,2687
17925,2687
17926,2687
17927,2687
17928,2687
17929,2687
17930,2687
17931,2687
17932,2687
17933,2687
17934,2687
17935,2687
17936,2687
17937,2687
17938,2687
17939,2687
17940,2687
17941,2687
17942,2687
17943,2687
17944,2687
17945,2687
17946,2687
17947,2687
17948,2687
17949,2687
17950,2687
17951,2687
17952,2687
17953,2687
17954,2687
17955,2687
17956,2687
17957,2687
17958,2687
17959,2687
17960,2687
17961,2687
17962,2687
17963,2687
17964,2687
17965,2687
17966,2687
17967,2687
17968,2687
17969,2687
17970,2687
17971,2687
17972,2687
17973,2687
17974,2687
17975,2687
17976,2687
17977,2687
17978,2687
17979,2687
17980,2687
17981,2687
17982,2687
17983,2687
17984,2687
17985,2687
17986,2687
17987,2687
17988,2687
17989,2687
17990,2687
17991,2687
17992,2687
17993,2687
17994,2687
17995,2687
17996,2687
17997,2687
17998,2687
17999,2687
18000,2687
18001,2687
18002,2687
18003,2687
18004,2687
18005,2687
18006,2687
18007,2687
18008,2687
18009,2687
18010,2687
18011,2687
18012,2687
18013,2687
18014,2687
18015,2687
18016,2687
18017,2687
18018,2687
18019,2687
18020,2687
18021,2687
18022,2687
18023,2687
18024,2687
18025,2687
18026,2687
18027,2687
18028,2687
18029,2687
18030,2687
18031,2687
18032,2687
18033,2687
18034,2687
18035,2687
18036,2687
18037,2687
18038,2687
18039,2687
18040,2687
18041,2687
18042,2687
18043,2687
18044,2687
18045,2687
18046,2688
18047,2688
18048,2688
18049,2688
18050,2688
18051,2688
18052,2688
18053,2688
18054,2688
18055,2688
18056,2688
18057,2688
18058,2688
18059,2688
18060,2688
18061,2688
18062,2688
18063,2688
18064,2688
18065,2688
18066,2688
18067,2688
18068,2688
18069,2688
18070,2688
18071,2688
18072,2688
18073,2688
18074,2688
18075,2688
18076,2688
18077,2688
18078,2688
18079,2688
18080,2688
18081,2688
18082,2688
18083,2688
18084,2688
18085,2688
18086,2688
18087,2688
18088,2688
18089,2688
18090,2688
18091,2688
18092,2688
18093,2688
18094,2688
18095,2688
18096,2688
18097,2688
18098,2688
18099,2688
18100,2688
18101,2688
18102,2688
18103,2688
18104,2688
18105,2688
18106,2688
18107,2688
18108,2688
18109,2688
18110,2688
18111,2688
18112,2688
18113,2688
18114,2688
18115,2688
18116,2688
18117,2688
18118,2688
18119,2688
18120,2688
18121,2688
18122,2688
18123,2688
18124,2688
18125,2688
18126,2688
18127,2688
18128,2688
18129,2688
18130,2688
18131,2688
18132,2688
18133,2688
18134,2688
18135,2688
18136,2688
18137,2688
18138,2688
18139,2688
18140,2688
18141,2688
18142,2688
18143,2688
18144,2688
18145,2688
18146,2688
18147,2688
18148,2688
18149,2688
18150,2688
18151,2688
18152,2688
18153,2688
18154,2688
18155,2688
18156,2688
18157,2688
18158,2688
18159,2688
18160,2688
18161,2688
18162,2688
18163,2688
18164,2688
18165,2688
18166,2688
18167,2688
18168,2688
18169,2688
18170,2688
18171,2688
18172,2688
18173,2688
18174,2688
18175,2688
18176,2688
18177,2688
18178,2688
18179,2688
18180,2688
18181,2688
18182,2688
18183,2688
18184,2688
18185,2688
18186,2688
18187,2688
18188,2688
18189,2688
18190,2688
18191,2688
18192,2688
18193,2688
18194,2688
18195,2688
18196,2688
18197,2688
18198,2688
18199,2688
18200,2688
18201,2688
18202,2688
18203,2688
18204,2688
18205,2688
18206,2688
18207,2688
18208,2688
18209,2688
18210,2688
18211,2688
18212,2688
18213,2688
18214,2688
18215,2688
18216,2688
18217,2688
18218,2688
18219,2688
18220,2688
18221,2688
18222,2688
18223,2688
18224,2688
18225,2688
18226,2688
18227,2688
18228,2688
18229,2688
18230,2688
18231,2688
18232,2688
18233,2688
18234,2688
18235,2688
18236,2688
18237,2688
18238,2688
18239,2688
18240,2688
18241,2688
18242,2688
18243,2688
18244,2688
18245,2688
18246,2688
18247,2688
18248,2691
18249,2691
18250,2691
18251,2691
18252,2691
18253,2691
18254,2691
18255,2691
18256,2691
18257,2691
18258,2691
18259,2691
18260,2716
18261,2716
18262,2716
18263,2722
18264,2722
18265,2722
18266,2722
18267,2722
18268,2722
18269,2722
18270,2722
18271,2722
18272,2722
18273,2722
18274,2722
18275,2722
18276,2722
18277,2722
18278,2722
18279,2722
18280,2722
18281,2722
18282,2722
18283,2722
18284,2722
18285,2722
18286,2722
18287,2722
18288,2722
18289,2722
18290,2722
18291,2722
18292,2722
18293,2722
18294,2722
18295,2722
18296,2722
18297,2722
18298,2722
18299,2722
18300,2722
18301,2722
18302,2722
18303,2722
18304,2722
18305,2722
18306,2722
18307,2722
18308,2722
18309,2722
18310,2722
18311,2722
18312,2722
18313,2722
18314,2722
18315,2722
18316,2722
18317,2722
18318,2722
18319,2722
18320,2722
18321,2722
18322,2722
18323,2722
18324,2722
18325,2722
18326,2722
18327,2722
18328,2722
18329,2722
18330,2722
18331,2722
18332,2722
18333,2722
18334,2722
18335,2722
18336,2722
18337,2722
18338,2722
18339,2722
18340,2722
18341,2722
18342,2722
18343,2722
18344,2722
18345,2722
18346,2722
18347,2722
18348,2722
18349,2722
18350,2722
18351,2722
18352,2722
18353,2722
18354,2722
18355,2722
18356,2722
18357,2722
18358,2722
18359,2722
18360,2722
18361,2722
18362,2722
18363,2722
18364,2722
18365,2722
18366,2722
18367,2722
18368,2722
18369,2722
18370,2722
18371,2722
18372,2722
18373,2722
18374,2722
18375,2722
18376,2722
18377,2722
18378,2722
18379,2722
18380,2722
18381,2722
18382,2722
18383,2722
18384,2722
18385,2722
18386,2722
18387,2722
18388,2722
18389,2722
18390,2722
18391,2751
18392,2751
18393,2751
18394,2751
18395,2751
18396,2751
18397,2751
18398,2751
18399,2751
18400,2751
18401,2751
18402,2751
18403,2751
18404,2751
18405,2751
18406,2751
18407,2751
18408,2751
18409,2751
18410,2751
18411,2751
18412,2751
18413,2751
18414,2751
18415,2751
18416,2751
18417,2751
18418,2751
18419,2751
18420,2751
18421,2751
18422,2751
18423,2751
18424,2751
18425,2751
18426,2751
18427,2751
18428,2753
18429,2753
18430,2753
18431,2753
18432,2753
18433,2753
18434,2764
18435,2764
18436,2764
18437,2764
18438,2764
18439,2764
18440,2764
18441,2764
18442,2764
18443,2764
18444,2764
18445,2764
18446,2764
18447,2764
18448,2764
18449,2764
18450,2764
18451,2764
18452,2764
18453,2764
18454,2764
18455,2764
18456,2764
18457,2764
18458,2764
18459,2764
18460,2764
18461,2764
18462,2764
18463,2764
18464,2764
18465,2764
18466,2764
18467,2764
18468,2764
18469,2764
18470,2764
18471,2764
18472,2764
18473,2764
18474,2764
18475,2764
18476,2764
18477,2764
18478,2764
18479,2764
18480,2764
18481,2764
18482,2764
18483,2764
18484,2764
18485,2764
18486,2764
18487,2764
18488,2764
18489,2764
18490,2764
18491,2764
18492,2764
18493,2764
18494,2764
18495,2764
18496,2764
18497,2764
18498,2764
18499,2764
18500,2764
18501,2764
18502,2764
18503,2764
18504,2764
18505,2764
18506,2764
18507,2764
18508,2764
18509,2764
18510,2764
18511,2764
18512,2764
18513,2764
18514,2764
18515,2764
18516,2764
18517,2764
18518,2764
18519,2764
18520,2764
18521,2764
18522,2764
18523,2764
18524,2764
18525,2764
18526,2764
18527,2764
18528,2764
18529,2764
18530,2764
18531,2764
18532,2764
18533,2764
18534,2764
18535,2764
18536,2764
18537,2764
18538,2764
18539,2764
18540,2764
18541,2764
18542,2764
18543,2764
18544,2764
18545,2764
18546,2764
18547,2764
18548,2764
18549,2764
18550,2764
18551,2764
18552,2764
18553,2764
18554,2764
18555,2764
18556,2764
18557,2764
18558,2764
18559,2764
18560,2764
18561,2764
18562,2764
18563,2764
18564,2764
18565,2764
18566,2764
18567,2764
18568,2764
18569,2764
18570,2764
18571,2764
18572,2764
18573,2764
18574,2764
18575,2764
18576,2764
18577,2764
18578,2764
18579,2764
18580,2764
18581,2764
18582,2764
18583,2764
18584,2764
18585,2764
18586,2764
18587,2764
18588,2764
18589,2764
18590,2764
18591,2764
18592,2764
18593,2764
18594,2764
18595,2764
18596,2764
18597,2764
18598,2764
18599,2764
18600,2764
18601,2764
18602,2764
18603,2764
18604,2764
18605,2764
18606,2764
18607,2764
18608,2764
18609,2764
18610,2764
18611,2764
18612,2764
18613,2771
18614,2771
18615,2771
18616,2771
18617,2771
18618,2771
18619,2771
18620,2771
18621,2771
18622,2771
18623,2771
18624,2771
18625,2771
18626,2771
18627,2771
18628,2771
18629,2771
18630,2771
18631,2771
18632,2771
18633,2771
18634,2771
18635,2771
18636,2771
18637,2771
18638,2771
18639,2771
18640,2771
18641,2771
18642,2771
18643,2771
18644,2771
18645,2771
18646,2771
18647,2771
18648,2771
18649,2771
18650,2771
18651,2771
18652,2771
18653,2771
18654,2771
18655,2771
18656,2771
18657,2771
18658,2771
18659,2771
18660,2771
18661,2771
18662,2771
18663,2771
18664,2771
18665,2771
18666,2771
18667,2771
18668,2771
18669,2771
18670,2771
18671,2771
18672,2771
18673,2771
18674,2771
18675,2771
18676,2771
18677,2771
18678,2771
18679,2771
18680,2771
18681,2771
18682,2771
18683,2771
18684,2771
18685,2771
18686,2771
18687,2771
18688,2771
18689,2771
18690,2771
18691,2771
18692,2771
18693,2771
18694,2771
18695,2771
18696,2771
18697,2771
18698,2771
18699,2771
18700,2771
18701,2771
18702,2771
18703,2771
18704,2771
18705,2771
18706,2771
18707,2771
18708,2771
18709,2771
18710,2771
18711,2771
18712,2771
18713,2771
18714,2771
18715,2771
18716,2771
18717,2771
18718,2771
18719,2771
18720,2771
18721,2771
18722,2771
18723,2771
18724,2771
18725,2771
18726,2771
18727,2771
18728,2771
18729,2771
18730,2771
18731,2771
18732,2771
18733,2771
18734,2771
18735,2771
18736,2771
18737,2771
18738,2771
18739,2771
18740,2771
18741,2771
18742,2771
18743,2771
18744,2771
18745,2771
18746,2771
18747,2771
18748,2771
18749,2771
18750,2771
18751,2771
18752,2771
18753,2771
18754,2771
18755,2771
18756,2771
18757,2771
18758,2771
18759,2771
18760,2771
18761,2771
18762,2771
18763,2771
18764,2771
18765,2771
18766,2771
18767,2771
18768,2771
18769,2771
18770,2771
18771,2771
18772,2771
18773,2771
18774,2771
18775,2771
18776,2771
18777,2771
18778,2771
18779,2771
18780,2774
18781,2774
18782,2774
18783,2774
18784,2774
18785,2774
18786,2774
18787,2774
18788,2774
18789,2774
18790,2774
18791,2774
18792,2774
18793,2774
18794,2774
18795,2774
18796,2774
18797,2774
18798,2774
18799,2774
18800,2774
18801,2774
18802,2774
18803,2774
18804,2774
18805,2774
18806,2774
18807,2774
18808,2774
18809,2774
18810,2774
18811,2774
18812,2774
18813,2774
18814,2774
18815,2774
18816,2774
18817,2774
18818,2774
18819,2774
18820,2774
18821,2774
18822,2774
18823,2774
18824,2774
18825,2774
18826,2774
18827,2774
18828,2774
18829,2774
18830,2774
18831,2774
18832,2774
18833,2774
18834,2774
18835,2774
18836,2774
18837,2774
18838,2774
18839,2774
18840,2774
18841,2774
18842,2774
18843,2774
18844,2775
18845,2775
18846,2775
18847,2775
18848,2775
18849,2775
18850,2775
18851,2775
18852,2775
18853,2775
18854,2775
18855,2775
18856,2775
18857,2775
18858,2775
18859,2775
18860,2775
18861,2775
18862,2775
18863,2775
18864,2775
18865,2775
18866,2775
18867,2775
18868,2775
18869,2775
18870,2775
18871,2775
18872,2775
18873,2775
18874,2775
18875,2775
18876,2775
18877,2775
18878,2775
18879,2775
18880,2775
18881,2775
18882,2775
18883,2775
18884,2775
18885,2775
18886,2775
18887,2775
18888,2775
18889,2775
18890,2775
18891,2775
18892,2775
18893,2775
18894,2775
18895,2775
18896,2775
18897,2775
18898,2775
18899,2775
18900,2775
18901,2775
18902,2775
18903,2775
18904,2775
18905,2775
18906,2775
18907,2775
18908,2775
18909,2775
18910,2775
18911,2775
18912,2775
18913,2775
18914,2775
18915,2775
18916,2775
18917,2775
18918,2775
18919,2775
18920,2775
18921,2775
18922,2775
18923,2775
18924,2775
18925,2775
18926,2775
18927,2775
18928,2775
18929,2775
18930,2775
18931,2775
18932,2775
18933,2775
18934,2775
18935,2775
18936,2775
18937,2775
18938,2775
18939,2775
18940,2775
18941,2775
18942,2775
18943,2775
18944,2775
18945,2775
18946,2775
18947,2775
18948,2775
18949,2775
18950,2775
18951,2775
18952,2775
18953,2775
18954,2775
18955,2775
18956,2775
18957,2777
18958,2777
18959,2777
18960,2777
18961,2777
18962,2777
18963,2777
18964,2777
18965,2777
18966,2777
18967,2777
18968,2777
18969,2777
18970,2777
18971,2777
18972,2777
18973,2777
18974,2777
18975,2777
18976,2777
18977,2777
18978,2777
18979,2777
18980,2777
18981,2777
18982,2777
18983,2777
18984,2777
18985,2777
18986,2777
18987,2777
18988,2777
18989,2777
18990,2777
18991,2777
18992,2777
18993,2777
18994,2777
18995,2777
18996,2777
18997,2777
18998,2777
18999,2777
19000,2777
19001,2777
19002,2777
19003,2777
19004,2777
19005,2777
19006,2777
19007,2777
19008,2777
19009,2777
19010,2777
19011,2782
19012,2782
19013,2782
19014,2782
19015,2782
19016,2782
19017,2782
19018,2782
19019,2782
19020,2782
19021,2782
19022,2782
19023,2782
19024,2782
19025,2782
19026,2782
19027,2782
19028,2782
19029,2782
19030,2782
19031,2782
19032,2782
19033,2782
19034,2782
19035,2782
19036,2782
19037,2782
19038,2782
19039,2782
19040,2782
19041,2782
19042,2782
19043,2782
19044,2782
19045,2782
19046,2782
19047,2782
19048,2782
19049,2782
19050,2782
19051,2782
19052,2782
19053,2782
19054,2782
19055,2782
19056,2782
19057,2782
19058,2782
19059,2782
19060,2782
19061,2782
19062,2782
19063,2782
19064,2782
19065,2782
19066,2782
19067,2782
19068,2782
19069,2782
19070,2782
19071,2782
19072,2782
19073,2782
19074,2782
19075,2782
19076,2782
19077,2782
19078,2782
19079,2782
19080,2782
19081,2782
19082,2782
19083,2782
19084,2782
19085,2782
19086,2782
19087,2782
19088,2782
19089,2782
19090,2782
19091,2782
19092,2782
19093,2782
19094,2782
19095,2782
19096,2782
19097,2782
19098,2782
19099,2782
19100,2782
19101,2782
19102,2782
19103,2782
19104,2782
19105,2782
19106,2782
19107,2782
19108,2782
19109,2782
19110,2782
19111,2782
19112,2782
19113,2782
19114,2782
19115,2782
19116,2782
19117,2782
19118,2782
19119,2782
19120,2782
19121,2782
19122,2782
19123,2782
19124,2782
19125,2782
19126,2782
19127,2782
19128,2782
19129,2782
19130,2782
19131,2782
19132,2782
19133,2782
19134,2782
19135,2782
19136,2782
19137,2782
19138,2782
19139,2782
19140,2782
19141,2782
19142,2782
19143,2782
19144,2782
19145,2782
19146,2782
19147,2782
19148,2782
19149,2782
19150,2782
19151,2782
19152,2782
19153,2782
19154,2782
19155,2782
19156,2782
19157,2782
19158,2782
19159,2782
19160,2782
19161,2782
19162,2782
19163,2782
19164,2782
19165,2782
19166,2782
19167,2782
19168,2782
19169,2782
19170,2782
19171,2782
19172,2782
19173,2782
19174,2782
19175,2782
19176,2782
19177,2782
19178,2790
19179,2790
19180,2790
19181,2790
19182,2790
19183,2790
19184,2790
19185,2790
19186,2790
19187,2790
19188,2790
19189,2790
19190,2790
19191,2790
19192,2790
19193,2790
19194,2790
19195,2790
19196,2790
19197,2790
19198,2790
19199,2790
19200,2790
19201,2790
19202,2790
19203,2790
19204,2790
19205,2790
19206,2790
19207,2790
19208,2790
19209,2790
19210,2790
19211,2790
19212,2790
19213,2790
19214,2790
19215,2790
19216,2790
19217,2790
19218,2790
19219,2790
19220,2817
19221,2817
19222,2817
19223,2817
19224,2817
19225,2817
19226,2817
19227,2817
19228,2817
19229,2817
19230,2817
19231,2817
19232,2817
19233,2817
19234,2817
19235,2817
19236,2817
19237,2817
19238,2817
19239,2817
19240,2817
19241,2817
19242,2817
19243,2817
19244,2817
19245,2817
19246,2817
19247,2817
19248,2817
19249,2817
19250,2817
19251,2817
19252,2817
19253,2817
19254,2817
19255,2817
19256,2817
19257,2817
19258,2817
19259,2817
19260,2817
19261,2817
19262,2817
19263,2817
19264,2817
19265,2817
19266,2817
19267,2817
19268,2817
19269,2817
19270,2817
19271,2817
19272,2817
19273,2817
19274,2817
19275,2817
19276,2817
19277,2817
19278,2817
19279,2817
19280,2817
19281,2817
19282,2817
19283,2817
19284,2817
19285,2817
19286,2817
19287,2817
19288,2817
19289,2817
19290,2819
19291,2819
19292,2819
19293,2819
19294,2819
19295,2819
19296,2819
19297,2838
19298,2838
19299,2838
19300,2838
19301,2838
19302,2838
19303,2838
19304,2838
19305,2838
19306,2838
19307,2838
19308,2838
19309,2838
19310,2838
19311,2838
19312,2838
19313,2838
19314,2838
19315,2838
19316,2838
19317,2838
19318,2838
19319,2838
19320,2838
19321,2838
19322,2838
19323,2838
19324,2838
19325,2838
19326,2838
19327,2838
19328,2838
19329,2838
19330,2838
19331,2838
19332,2838
19333,2838
19334,2838
19335,2838
19336,2838
19337,2838
19338,2861
19339,2861
19340,2861
19341,2861
19342,2861
19343,2861
19344,2861
19345,2861
19346,2861
19347,2861
19348,2861
19349,2861
19350,2861
19351,2861
19352,2861
19353,2872
19354,2872
19355,2872
19356,2872
19357,2872
19358,2872
19359,2872
19360,2872
19361,2872
19362,2872
19363,2872
19364,2872
19365,2872
19366,2872
19367,2872
19368,2872
19369,2872
19370,2872
19371,2872
19372,2872
19373,2872
19374,2872
19375,2872
19376,2872
19377,2872
19378,2872
19379,2872
19380,2872
19381,2872
19382,2872
19383,2872
19384,2872
19385,2872
19386,2872
19387,2872
19388,2872
19389,2872
19390,2872
19391,2872
19392,2872
19393,2872
19394,2872
19395,2872
19396,2872
19397,2872
19398,2872
19399,2872
19400,2872
19401,2872
19402,2872
19403,2872
19404,2872
19405,2878
19406,2878
19407,2878
19408,2878
19409,2878
19410,2878
19411,2878
19412,2878
19413,2878
19414,2878
19415,2878
19416,2878
19417,2878
19418,2878
19419,2878
19420,2878
19421,2878
19422,2878
19423,2878
19424,2878
19425,2880
19426,2880
19427,2880
19428,2880
19429,2880
19430,2880
19431,2880
19432,2880
19433,2880
19434,2880
19435,2880
19436,2880
19437,2880
19438,2880
19439,2880
19440,2880
19441,2880
19442,2880
19443,2880
19444,2880
19445,2880
19446,2880
19447,2880
19448,2880
19449,2880
19450,2880
19451,2880
19452,2880
19453,2880
19454,2880
19455,2880
19456,2880
19457,2880
19458,2880
19459,2880
19460,2880
19461,2880
19462,2880
19463,2880
19464,2880
19465,2880
19466,2880
19467,2880
19468,2880
19469,2880
19470,2880
19471,2880
19472,2880
19473,2880
19474,2880
19475,2880
19476,2880
19477,2880
19478,2880
19479,2880
19480,2880
19481,2880
19482,2880
19483,2880
19484,2880
19485,2880
19486,2880
19487,2880
19488,2880
19489,2880
19490,2880
19491,2880
19492,2880
19493,2880
19494,2880
19495,2880
19496,2880
19497,2880
19498,2880
19499,2880
19500,2880
19501,2880
19502,2880
19503,2880
19504,2880
19505,2880
19506,2880
19507,2880
19508,2880
19509,2880
19510,2880
19511,2880
19512,2880
19513,2880
19514,2880
19515,2880
19516,2880
19517,2880
19518,2880
19519,2880
19520,2880
19521,2880
19522,2880
19523,2880
19524,2880
19525,2880
19526,2880
19527,2880
19528,2880
19529,2880
19530,2880
19531,2880
19532,2880
19533,2880
19534,2880
19535,2880
19536,2894
19537,2894
19538,2894
19539,2894
19540,2894
19541,2894
19542,2894
19543,2894
19544,2894
19545,2894
19546,2894
19547,2894
19548,2894
19549,2894
19550,2894
19551,2894
19552,2894
19553,2894
19554,2894
19555,2894
19556,2894
19557,2894
19558,2894
19559,2894
19560,2894
19561,2894
19562,2894
19563,2894
19564,2894
19565,2894
19566,2894
19567,2894
19568,2894
19569,2894
19570,2894
19571,2894
19572,2894
19573,2894
19574,2894
19575,2894
19576,2894
19577,2894
19578,2894
19579,2894
19580,2894
19581,2894
19582,2894
19583,2894
19584,2894
19585,2894
19586,2894
19587,2894
19588,2894
19589,2894
19590,2894
19591,2894
19592,2894
19593,2894
19594,2894
19595,2894
19596,2894
19597,2894
19598,2894
19599,2894
19600,2894
19601,2894
19602,2894
19603,2894
19604,2894
19605,2894
19606,2894
19607,2894
19608,2894
19609,2894
19610,2894
19611,2894
19612,2894
19613,2894
19614,2894
19615,2894
19616,2894
19617,2894
19618,2894
19619,2894
19620,2894
19621,2894
19622,2894
19623,2894
19624,2894
19625,2894
19626,2894
19627,2894
19628,2894
19629,2894
19630,2894
19631,2894
19632,2894
19633,2894
19634,2894
19635,2894
19636,2894
19637,2894
19638,2894
19639,2894
19640,2894
19641,2894
19642,2894
19643,2894
19644,2894
19645,2894
19646,2894
19647,2894
19648,2894
19649,2894
19650,2894
19651,2894
19652,2894
19653,2894
19654,2894
19655,2894
19656,2894
19657,2894
19658,2894
19659,2894
19660,2894
19661,2894
19662,2894
19663,2894
19664,2894
19665,2894
19666,2894
19667,2894
19668,2894
19669,2894
19670,2894
19671,2894
19672,2894
19673,2894
19674,2894
19675,2894
19676,2894
19677,2894
19678,2894
19679,2894
19680,2902
19681,2902
19682,2902
19683,2902
19684,2902
19685,2902
19686,2902
19687,2902
19688,2902
19689,2902
19690,2902
19691,2902
19692,2902
19693,2902
19694,2902
19695,2902
19696,2902
19697,2902
19698,2902
19699,2902
19700,2902
19701,2902
19702,2902
19703,2902
19704,2902
19705,2902
19706,2902
19707,2902
19708,2902
19709,2902
19710,2902
19711,2902
19712,2902
19713,2902
19714,2902
19715,2902
19716,2902
19717,2902
19718,2902
19719,2902
19720,2902
19721,2902
19722,2902
19723,2902
19724,2902
19725,2902
19726,2902
19727,2902
19728,2902
19729,2902
19730,2902
19731,2902
19732,2902
19733,2902
19734,2902
19735,2902
19736,2902
19737,2902
19738,2902
19739,2902
19740,2902
19741,2902
19742,2902
19743,2902
19744,2902
19745,2902
19746,2902
19747,2902
19748,2902
19749,2902
19750,2902
19751,2902
19752,2902
19753,2902
19754,2902
19755,2902
19756,2902
19757,2902
19758,2902
19759,2902
19760,2902
19761,2902
19762,2902
19763,2902
19764,2902
19765,2902
19766,2902
19767,2902
19768,2902
19769,2902
19770,2902
19771,2902
19772,2902
19773,2902
19774,2902
19775,2902
19776,2902
19777,2902
19778,2906
19779,2906
19780,2906
19781,2906
19782,2906
19783,2906
19784,2906
19785,2906
19786,2906
19787,2906
19788,2906
19789,2906
19790,2906
19791,2906
19792,2906
19793,2906
19794,2906
19795,2906
19796,2906
19797,2906
19798,2906
19799,2906
19800,2906
19801,2906
19802,2906
19803,2906
19804,2906
19805,2906
19806,2906
19807,2906
19808,2906
19809,2906
19810,2906
19811,2906
19812,2906
19813,2906
19814,2906
19815,2906
19816,2906
19817,2906
19818,2906
19819,2906
19820,2906
19821,2906
19822,2906
19823,2906
19824,2906
19825,2906
19826,2906
19827,2906
19828,2906
19829,2906
19830,2906
19831,2906
19832,2906
19833,2906
19834,2906
19835,2906
19836,2906
19837,2906
19838,2906
19839,2906
19840,2906
19841,2906
19842,2906
19843,2906
19844,2906
19845,2906
19846,2906
19847,2906
19848,2906
19849,2906
19850,2906
19851,2906
19852,2906
19853,2906
19854,2906
19855,2906
19856,2906
19857,2906
19858,2906
19859,2906
19860,2906
19861,2906
19862,2906
19863,2906
19864,2906
19865,2906
19866,2906
19867,2906
19868,2906
19869,2906
19870,2906
19871,2906
19872,2906
19873,2906
19874,2906
19875,2906
19876,2906
19877,2906
19878,2906
19879,2906
19880,2908
19881,2908
19882,2908
19883,2908
19884,2908
19885,2908
19886,2908
19887,2908
19888,2908
19889,2908
19890,2908
19891,2908
19892,2908
19893,2908
19894,2910
19895,2910
19896,2910
19897,2910
19898,2910
19899,2910
19900,2910
19901,2910
19902,2910
19903,2910
19904,2910
19905,2910
19906,2910
19907,2910
19908,2910
19909,2910
19910,2910
19911,2910
19912,2910
19913,2910
19914,2910
19915,2910
19916,2910
19917,2910
19918,2910
19919,2910
19920,2910
19921,2910
19922,2910
19923,2910
19924,2910
19925,2910
19926,2910
19927,2910
19928,2910
19929,2910
19930,2910
19931,2910
19932,2910
19933,2910
19934,2910
19935,2910
19936,2910
19937,2910
19938,2910
19939,2910
19940,2910
19941,2910
19942,2910
19943,2910
19944,2910
19945,2910
19946,2910
19947,2910
19948,2910
19949,2910
19950,2910
19951,2910
19952,2910
19953,2910
19954,2910
19955,2910
19956,2910
19957,2910
19958,2910
19959,2910
19960,2910
19961,2910
19962,2910
19963,2910
19964,2910
19965,2910
19966,2910
19967,2910
19968,2910
19969,2910
19970,2910
19971,2910
19972,2910
19973,2910
19974,2910
19975,2910
19976,2910
19977,2910
19978,2910
19979,2910
19980,2910
19981,2910
19982,2910
19983,2910
19984,2910
19985,2910
19986,2910
19987,2910
19988,2910
19989,2910
19990,2910
19991,2910
19992,2910
19993,2910
19994,2910
19995,2910
19996,2910
19997,2910
19998,2910
19999,2910
20000,2910
20001,2910
20002,2910
20003,2910
20004,2910
20005,2910
20006,2910
20007,2910
20008,2910
20009,2910
20010,2910
20011,2910
20012,2910
20013,2910
20014,2910
20015,2910
20016,2910
20017,2910
20018,2910
20019,2910
20020,2910
20021,2910
20022,2910
20023,2910
20024,2910
20025,2910
20026,2910
20027,2910
20028,2910
20029,2910
20030,2910
20031,2910
20032,2910
20033,2910
20034,2910
20035,2910
20036,2910
20037,2910
20038,2910
20039,2910
20040,2910
20041,2910
20042,2910
20043,2910
20044,2910
20045,2910
20046,2910
20047,2910
20048,2910
20049,2910
20050,2910
20051,2910
20052,2910
20053,2910
20054,2910
20055,2910
20056,2910
20057,2910
20058,2910
20059,2910
20060,2910
20061,2910
20062,2910
20063,2910
20064,2910
20065,2910
20066,2910
20067,2910
20068,2910
20069,2910
20070,2910
20071,2910
20072,2910
20073,2910
20074,2910
20075,2910
20076,2910
20077,2910
20078,2910
20079,2910
20080,2910
20081,2910
20082,2910
20083,2910
20084,2910
20085,2910
20086,2910
20087,2910
20088,2910
20089,2910
20090,2910
20091,2910
20092,2910
20093,2910
20094,2910
20095,2910
20096,2910
20097,2910
20098,2910
20099,2910
20100,2910
20101,2910
20102,2910
20103,2910
20104,2910
20105,2910
20106,2911
20107,2911
20108,2911
20109,2911
20110,2911
20111,2911
20112,2911
20113,2911
20114,2911
20115,2911
20116,2911
20117,2911
20118,2911
20119,2911
20120,2911
20121,2911
20122,2911
20123,2911
20124,2911
20125,2911
20126,2911
20127,2911
20128,2911
20129,2911
20130,2911
20131,2911
20132,2911
20133,2911
20134,2911
20135,2911
20136,2911
20137,2911
20138,2911
20139,2911
20140,2911
20141,2911
20142,2911
20143,2911
20144,2911
20145,2911
20146,2911
20147,2911
20148,2911
20149,2911
20150,2911
20151,2911
20152,2911
20153,2911
20154,2911
20155,2911
20156,2911
20157,2911
20158,2911
20159,2911
20160,2911
20161,2911
20162,2911
20163,2911
20164,2911
20165,2911
20166,2911
20167,2911
20168,2911
20169,2911
20170,2911
20171,2911
20172,2911
20173,2911
20174,2911
20175,2911
20176,2911
20177,2911
20178,2911
20179,2911
20180,2911
20181,2911
20182,2911
20183,2911
20184,2911
20185,2911
20186,2911
20187,2911
20188,2911
20189,2911
20190,2911
20191,2911
20192,2911
20193,2911
20194,2911
20195,2911
20196,2911
20197,2911
20198,2911
20199,2911
20200,2911
20201,2911
20202,2911
20203,2911
20204,2911
20205,2911
20206,2911
20207,2911
20208,2911
20209,2911
20210,2911
20211,2911
20212,2911
20213,2911
20214,2911
20215,2911
20216,2911
20217,2911
20218,2911
20219,2911
20220,2911
20221,2911
20222,2911
20223,2911
20224,2911
20225,2911
20226,2911
20227,2911
20228,2911
20229,2911
20230,2911
20231,2911
20232,2911
20233,2911
20234,2911
20235,2911
20236,2911
20237,2911
20238,2911
20239,2911
20240,2911
20241,2911
20242,2911
20243,2911
20244,2911
20245,2911
20246,2911
20247,2911
20248,2911
20249,2911
20250,2911
20251,2911
20252,2911
20253,2911
20254,2911
20255,2911
20256,2911
20257,2911
20258,2911
20259,2911
20260,2911
20261,2911
20262,2911
20263,2911
20264,2911
20265,2911
20266,2911
20267,2911
20268,2911
20269,2911
20270,2911
20271,2911
20272,2911
20273,2911
20274,2911
20275,2911
20276,2911
20277,2911
20278,2911
20279,2911
20280,2911
20281,2911
20282,2911
20283,2911
20284,2911
20285,2911
20286,2911
20287,2911
20288,2911
20289,2911
20290,2911
20291,2911
20292,2911
20293,2911
20294,2911
20295,2911
20296,2911
20297,2911
20298,2911
20299,2911
20300,2911
20301,2911
20302,2911
20303,2911
20304,2911
20305,2911
20306,2911
20307,2911
20308,2911
20309,2911
20310,2911
20311,2911
20312,2911
20313,2911
20314,2911
20315,2911
20316,2911
20317,2911
20318,2911
20319,2911
20320,2911
20321,2911
20322,2911
20323,2911
20324,2911
20325,2911
20326,2911
20327,2911
20328,2911
20329,2911
20330,2911
20331,2911
20332,2911
20333,2911
20334,2911
20335,2911
20336,2911
20337,2911
20338,2911
20339,2911
20340,2911
20341,2911
20342,2911
20343,2911
20344,2911
20345,2911
20346,2911
20347,2911
20348,2911
20349,2911
20350,2911
20351,2911
20352,2911
20353,2911
20354,2911
20355,2911
20356,2911
20357,2911
20358,2911
20359,2911
20360,2911
20361,2911
20362,2911
20363,2911
20364,2911
20365,2911
20366,2911
20367,2911
20368,2911
20369,2911
20370,2911
20371,2911
20372,2911
20373,2911
20374,2911
20375,2911
20376,2911
20377,2911
20378,2911
20379,2911
20380,2911
20381,2911
20382,2911
20383,2911
20384,2911
20385,2911
20386,2911
20387,2911
20388,2911
20389,2911
20390,2911
20391,2911
20392,2911
20393,2911
20394,2911
20395,2911
20396,2911
20397,2911
20398,2911
20399,2911
20400,2911
20401,2911
20402,2911
20403,2911
20404,2911
20405,2911
20406,2911
20407,2911
20408,2911
20409,2911
20410,2911
20411,2911
20412,2911
20413,2911
20414,2911
20415,2911
20416,2911
20417,2911
20418,2911
20419,2911
20420,2911
20421,2911
20422,2911
20423,2911
20424,2911
20425,2911
20426,2911
20427,2911
20428,2911
20429,2911
20430,2911
20431,2911
20432,2911
20433,2911
20434,2911
20435,2911
20436,2911
20437,2911
20438,2911
20439,2911
20440,2911
20441,2911
20442,2911
20443,2911
20444,2911
20445,2911
20446,2911
20447,2911
20448,2911
20449,2911
20450,2911
20451,2911
20452,2911
20453,2911
20454,2911
20455,2911
20456,2911
20457,2911
20458,2911
20459,2911
20460,2911
20461,2911
20462,2911
20463,2911
20464,2911
20465,2911
20466,2911
20467,2911
20468,2911
20469,2911
20470,2911
20471,2911
20472,2911
20473,2911
20474,2911
20475,2911
20476,2911
20477,2911
20478,2911
20479,2911
20480,2911
20481,2911
20482,2911
20483,2911
20484,2927
20485,2927
20486,2927
20487,2927
20488,2927
20489,2927
20490,2927
20491,2927
20492,2927
20493,2927
20494,2927
20495,2927
20496,2927
20497,2927
20498,2927
20499,2927
20500,2927
20501,2927
20502,2927
20503,2927
20504,2927
20505,2927
20506,2927
20507,2927
20508,2927
20509,2927
20510,2927
20511,2927
20512,2927
20513,2927
20514,2927
20515,2927
20516,2927
20517,2927
20518,2927
20519,2927
20520,2927
20521,2927
20522,2927
20523,2927
20524,2927
20525,2927
20526,2927
20527,2927
20528,2927
20529,2927
20530,2927
20531,2927
20532,2927
20533,2927
20534,2927
20535,2927
20536,2927
20537,2927
20538,2927
20539,2927
20540,2927
20541,2927
20542,2927
20543,2927
20544,2927
20545,2927
20546,2927
20547,2927
20548,2927
20549,2927
20550,2927
20551,2927
20552,2927
20553,2927
20554,2927
20555,2927
20556,2927
20557,2927
20558,2927
20559,2927
20560,2927
20561,2927
20562,2927
20563,2927
20564,2927
20565,2927
20566,2927
20567,2927
20568,2927
20569,2927
20570,2927
20571,2927
20572,2927
20573,2927
20574,2927
20575,2927
20576,2927
20577,2927
20578,2927
20579,2928
20580,2928
20581,2928
20582,2928
20583,2928
20584,2928
20585,2928
20586,2928
20587,2928
20588,2928
20589,2928
20590,2928
20591,2928
20592,2928
20593,2928
20594,2928
20595,2928
20596,2928
20597,2928
20598,2928
20599,2928
20600,2928
20601,2928
20602,2928
20603,2928
20604,2928
20605,2928
20606,2928
20607,2928
20608,2928
20609,2928
20610,2928
20611,2928
20612,2928
20613,2928
20614,2928
20615,2928
20616,2928
20617,2928
20618,2928
20619,2928
20620,2928
20621,2928
20622,2928
20623,2928
20624,2928
20625,2928
20626,2928
20627,2928
20628,2928
20629,2928
20630,2928
20631,2928
20632,2928
20633,2928
20634,2928
20635,2928
20636,2928
20637,2928
20638,2928
20639,2928
20640,2928
20641,2928
20642,2928
20643,2928
20644,2928
20645,2928
20646,2928
20647,2928
20648,2928
20649,2928
20650,2928
20651,2928
20652,2928
20653,2928
20654,2928
20655,2928
20656,2928
20657,2928
20658,2928
20659,2928
20660,2928
20661,2928
20662,2928
20663,2928
20664,2928
20665,2928
20666,2928
20667,2928
20668,2928
20669,2928
20670,2928
20671,2928
20672,2928
20673,2928
20674,2928
20675,2928
20676,2928
20677,2928
20678,2928
20679,2928
20680,2928
20681,2928
20682,2928
20683,2928
20684,2928
20685,2928
20686,2928
20687,2928
20688,2928
20689,2928
20690,2931
20691,2931
20692,2931
20693,2931
20694,2931
20695,2931
20696,2931
20697,2931
20698,2931
20699,2931
20700,2931
20701,2931
20702,2931
20703,2931
20704,2931
20705,2931
20706,2931
20707,2931
20708,2931
20709,2931
20710,2931
20711,2931
20712,2931
20713,2931
20714,2931
20715,2931
20716,2931
20717,2931
20718,2931
20719,2931
20720,2931
20721,2931
20722,2931
20723,2931
20724,2931
20725,2931
20726,2931
20727,2931
20728,2931
20729,2931
20730,2931
20731,2931
20732,2931
20733,2931
20734,2931
20735,2931
20736,2931
20737,2931
20738,2931
20739,2931
20740,2931
20741,2931
20742,2931
20743,2931
20744,2931
20745,2931
20746,2931
20747,2931
20748,2931
20749,2931
20750,2931
20751,2931
20752,2931
20753,2931
20754,2931
20755,2931
20756,2931
20757,2931
20758,2931
20759,2931
20760,2931
20761,2931
20762,2931
20763,2931
20764,2931
20765,2931
20766,2931
20767,2931
20768,2931
20769,2931
20770,2931
20771,2931
20772,2931
20773,2931
20774,2931
20775,2931
20776,2931
20777,2931
20778,2931
20779,2931
20780,2931
20781,2931
20782,2931
20783,2931
20784,2931
20785,2931
20786,2931
20787,2931
20788,2931
20789,2931
20790,2931
20791,2931
20792,2931
20793,2931
20794,2931
20795,2931
20796,2931
20797,2931
20798,2931
20799,2931
20800,2931
20801,2931
20802,2931
20803,2931
20804,2931
20805,2931
20806,2931
20807,2931
20808,2931
20809,2931
20810,2931
20811,2931
20812,2931
20813,2931
20814,2931
20815,2931
20816,2931
20817,2931
20818,2931
20819,2931
20820,2931
20821,2931
20822,2931
20823,2931
20824,2931
20825,2931
20826,2931
20827,2931
20828,2931
20829,2931
20830,2931
20831,2931
20832,2931
20833,2931
20834,2931
20835,2931
20836,2931
20837,2931
20838,2931
20839,2931
20840,2931
20841,2931
20842,2931
20843,2931
20844,2941
20845,2941
20846,2941
20847,2941
20848,2941
20849,2941
20850,2941
20851,2941
20852,2941
20853,2941
20854,2941
20855,2941
20856,2941
20857,2941
20858,2941
20859,2941
20860,2941
20861,2941
20862,2941
20863,2941
20864,2941
20865,2941
20866,2941
20867,2941
20868,2941
20869,2941
20870,2941
20871,2941
20872,2941
20873,2941
20874,2941
20875,2941
20876,2941
20877,2941
20878,2941
20879,2941
20880,2941
20881,2941
20882,2941
20883,2941
20884,2941
20885,2941
20886,2941
20887,2941
20888,2941
20889,2941
20890,2941
20891,2941
20892,2941
20893,2941
20894,2941
20895,2941
20896,2941
20897,2941
20898,2941
20899,2941
20900,2941
20901,2941
20902,2941
20903,2941
20904,2941
20905,2941
20906,2941
20907,2941
20908,2941
20909,2941
20910,2941
20911,2941
20912,2941
20913,2941
20914,2941
20915,2941
20916,2941
20917,2941
20918,2948
20919,2948
20920,2948
20921,2948
20922,2948
20923,2948
20924,2948
20925,2948
20926,2948
20927,2948
20928,2948
20929,2948
20930,2948
20931,2948
20932,2948
20933,2948
20934,2948
20935,2948
20936,2948
20937,2948
20938,2948
20939,2948
20940,2948
20941,2948
20942,2948
20943,2948
20944,2948
20945,2948
20946,2948
20947,2948
20948,2948
20949,2948
20950,2948
20951,2948
20952,2948
20953,2948
20954,2951
20955,2951
20956,2951
20957,2951
20958,2951
20959,2951
20960,2951
20961,2951
20962,2951
20963,2951
20964,2951
20965,2951
20966,2951
20967,2951
20968,2951
20969,2951
20970,2951
20971,2951
20972,2951
20973,2951
20974,2951
20975,2951
20976,2951
20977,2951
20978,2951
20979,2951
20980,2951
20981,2951
20982,2951
20983,2951
20984,2951
20985,2951
20986,2951
20987,2951
20988,2951
20989,2951
20990,2951
20991,2951
20992,2951
20993,2951
20994,2951
20995,2951
20996,2951
20997,2951
20998,2951
20999,2951
21000,2951
21001,2951
21002,2951
21003,2951
21004,2951
21005,2951
21006,2951
21007,2951
21008,2951
21009,2951
21010,2951
21011,2951
21012,2951
21013,2951
21014,2951
21015,2951
21016,2951
21017,2951
21018,2951
21019,2951
21020,2951
21021,2951
21022,2951
21023,2951
21024,2951
21025,2951
21026,2951
21027,2951
21028,2951
21029,2951
21030,2951
21031,2951
21032,2951
21033,2951
21034,2951
21035,2951
21036,2951
21037,2951
21038,2951
21039,2951
21040,2951
21041,2951
21042,2951
21043,2951
21044,2951
21045,2951
21046,2951
21047,2951
21048,2951
21049,2951
21050,2951
21051,2951
21052,2951
21053,2951
21054,2951
21055,2951
21056,2951
21057,2951
21058,2951
21059,2951
21060,2951
21061,2951
21062,2951
21063,2951
21064,2951
21065,2951
21066,2951
21067,2951
21068,2951
21069,2951
21070,2951
21071,2951
21072,2951
21073,2951
21074,2951
21075,2951
21076,2951
21077,2951
21078,2951
21079,2951
21080,2951
21081,2951
21082,2951
21083,2951
21084,2951
21085,2951
21086,2951
21087,2951
21088,2951
21089,2951
21090,2951
21091,2951
21092,2951
21093,2951
21094,2951
21095,2951
21096,2951
21097,2951
21098,2951
21099,2951
21100,2951
21101,2951
21102,2951
21103,2951
21104,2951
21105,2951
21106,2951
21107,2951
21108,2951
21109,2951
21110,2951
21111,2951
21112,2951
21113,2951
21114,2951
21115,2951
21116,2951
21117,2951
21118,2951
21119,2951
21120,2951
21121,2951
21122,2951
21123,2951
21124,2951
21125,2951
21126,2954
21127,2954
21128,2954
21129,2954
21130,2954
21131,2954
21132,2954
21133,2954
21134,2954
21135,2954
21136,2954
21137,2954
21138,2954
21139,2954
21140,2954
21141,2954
21142,2954
21143,2954
21144,2954
21145,2954
21146,2954
21147,2954
21148,2954
21149,2954
21150,2954
21151,2954
21152,2954
21153,2954
21154,2954
21155,2954
21156,2954
21157,2954
21158,2954
21159,2954
21160,2954
21161,2954
21162,2954
21163,2954
21164,2954
21165,2954
21166,2954
21167,2954
21168,2954
21169,2954
21170,2954
21171,2954
21172,2954
21173,2954
21174,2954
21175,2954
21176,2954
21177,2954
21178,2954
21179,2954
21180,2954
21181,2954
21182,2954
21183,2954
21184,2954
21185,2954
21186,2954
21187,2954
21188,2954
21189,2954
21190,2954
21191,2954
21192,2954
21193,2954
21194,2954
21195,2954
21196,2954
21197,2954
21198,2954
21199,2954
21200,2954
21201,2954
21202,2954
21203,2954
21204,2954
21205,2954
21206,2954
21207,2954
21208,2954
21209,2954
21210,2954
21211,2954
21212,2954
21213,2954
21214,2954
21215,2954
21216,2954
21217,2954
21218,2954
21219,2954
21220,2954
21221,2954
21222,2954
21223,2954
21224,2954
21225,2954
21226,2954
21227,2954
21228,2954
21229,2954
21230,2954
21231,2954
21232,2954
21233,2954
21234,2954
21235,2954
21236,2954
21237,2954
21238,2956
21239,2956
21240,2956
21241,2956
21242,2956
21243,2956
21244,2956
21245,2956
21246,2956
21247,2956
21248,2956
21249,2956
21250,2956
21251,2956
21252,2956
21253,2956
21254,2956
21255,2956
21256,2956
21257,2956
21258,2956
21259,2956
21260,2956
21261,2956
21262,2956
21263,2956
21264,2956
21265,2956
21266,2956
21267,2956
21268,2956
21269,2956
21270,2956
21271,2956
21272,2956
21273,2956
21274,2956
21275,2956
21276,2956
21277,2956
21278,2956
21279,2956
21280,2956
21281,2956
21282,2956
21283,2956
21284,2956
21285,2956
21286,2956
21287,2956
21288,2956
21289,2956
21290,2956
21291,2956
21292,2956
21293,2956
21294,2956
21295,2956
21296,2956
21297,2956
21298,2956
21299,2956
21300,2956
21301,2956
21302,2956
21303,2956
21304,2956
21305,2956
21306,2956
21307,2956
21308,2956
21309,2956
21310,2956
21311,2956
21312,2956
21313,2956
21314,2956
21315,2956
21316,2956
21317,2956
21318,2956
21319,2956
21320,2956
21321,2956
21322,2956
21323,2956
21324,2956
21325,2956
21326,2956
21327,2956
21328,2956
21329,2956
21330,2956
21331,2956
21332,2956
21333,2956
21334,2956
21335,2956
21336,2961
21337,2961
21338,2961
21339,2961
21340,2961
21341,2961
21342,2961
21343,2961
21344,2961
21345,2961
21346,2961
21347,2961
21348,2961
21349,2961
21350,2961
21351,2961
21352,2961
21353,2961
21354,2961
21355,2961
21356,2961
21357,2961
21358,2961
21359,2961
21360,2961
21361,2961
21362,2961
21363,2961
21364,2961
21365,2961
21366,2961
21367,2961
21368,2961
21369,2961
21370,2961
21371,2961
21372,2965
21373,2965
21374,2965
21375,2965
21376,2965
21377,2965
21378,2965
21379,2965
21380,2965
21381,2966
21382,2966
21383,2966
21384,2966
21385,2966
21386,2966
21387,2966
21388,2966
21389,2966
21390,2966
21391,2966
21392,2966
21393,2966
21394,2966
21395,2966
21396,2966
21397,2966
21398,2966
21399,2966
21400,2966
21401,2966
21402,2966
21403,2966
21404,2966
21405,2966
21406,2966
21407,2966
21408,2966
21409,2966
21410,2966
21411,2966
21412,2966
21413,2966
21414,2966
21415,2966
21416,2966
21417,2966
21418,2966
21419,2966
21420,2966
21421,2966
21422,2966
21423,2966
21424,2966
21425,2966
21426,2966
21427,2966
21428,2966
21429,2966
21430,2966
21431,2966
21432,2966
21433,2966
21434,2966
21435,2966
21436,2966
21437,2966
21438,2966
21439,2966
21440,2966
21441,2966
21442,2966
21443,2966
21444,2966
21445,2966
21446,2966
21447,2966
21448,2966
21449,2966
21450,2966
21451,2966
21452,2966
21453,2966
21454,2966
21455,2966
21456,2966
21457,2966
21458,2966
21459,2966
21460,2966
21461,2966
21462,2966
21463,2966
21464,2966
21465,2966
21466,2966
21467,2966
21468,2966
21469,2966
21470,2966
21471,2966
21472,2966
21473,2966
21474,2966
21475,2966
21476,2966
21477,2966
21478,2966
21479,2966
21480,2966
21481,2966
21482,2966
21483,2966
21484,2971
21485,2971
21486,2971
21487,2971
21488,2971
21489,2971
21490,2971
21491,2971
21492,2971
21493,2971
21494,2971
21495,2971
21496,2971
21497,2971
21498,2971
21499,2971
21500,2971
21501,2983
21502,2983
21503,2983
21504,2983
21505,2983
21506,2983
21507,2983
21508,2983
21509,2983
21510,2983
21511,2983
21512,2983
21513,2983
21514,2983
21515,2983
21516,2983
21517,2983
21518,2983
21519,2983
21520,2983
21521,2983
21522,2983
21523,2983
21524,2983
21525,2983
21526,2983
21527,2983
21528,2983
21529,2983
21530,2983
21531,2983
21532,2983
21533,2983
21534,2983
21535,2983
21536,2983
21537,2983
21538,2983
21539,2983
21540,2983
21541,2983
21542,2983
21543,2983
21544,2983
21545,2983
21546,2983
21547,2983
21548,2983
21549,2983
21550,2983
21551,2983
21552,2983
21553,2983
21554,2983
21555,2983
21556,2983
21557,2983
21558,2983
21559,2983
21560,2983
21561,2983
21562,2983
21563,2983
21564,2983
21565,2983
21566,2983
21567,2983
21568,2983
21569,2983
21570,2983
21571,2983
21572,2983
21573,2983
21574,2983
21575,2983
21576,2983
21577,2983
21578,2983
21579,2983
21580,2983
21581,2983
21582,2983
21583,2983
21584,2983
21585,2983
21586,2983
21587,2983
21588,2983
21589,2983
21590,2983
21591,2983
21592,2983
21593,2983
21594,2983
21595,2983
21596,2983
21597,2983
21598,2983
21599,2983
21600,2983
21601,2983
21602,2983
21603,2983
21604,2983
21605,2983
21606,2983
21607,2983
21608,2983
21609,2983
21610,2983
21611,2983
21612,2983
21613,2983
21614,2983
21615,2983
21616,2983
21617,2983
21618,2983
21619,2983
21620,2983
21621,2983
21622,2983
21623,2983
21624,2983
21625,2983
21626,2983
21627,2983
21628,2983
21629,2983
21630,2983
21631,2983
21632,2983
21633,2983
21634,2983
21635,2983
21636,2983
21637,2983
21638,2983
21639,2983
21640,2983
21641,2983
21642,2983
21643,2983
21644,2983
21645,2983
21646,2983
21647,2983
21648,2983
21649,2983
21650,2983
21651,2983
21652,2983
21653,2983
21654,2983
21655,2983
21656,2983
21657,2983
21658,2983
21659,2983
21660,2983
21661,2983
21662,2983
21663,2983
21664,2983
21665,2983
21666,2983
21667,2983
21668,2983
21669,2983
21670,2983
21671,2983
21672,2983
21673,2983
21674,2983
21675,2983
21676,2983
21677,2983
21678,2983
21679,2983
21680,2983
21681,2983
21682,2983
21683,2983
21684,2983
21685,2983
21686,2983
21687,2983
21688,2983
21689,2983
21690,2983
21691,2983
21692,2983
21693,2983
21694,2983
21695,2983
21696,2983
21697,2983
21698,2983
21699,2983
21700,2983
21701,2983
21702,2983
21703,2983
21704,2983
21705,2983
21706,2983
21707,2983
21708,2983
21709,2983
21710,2983
21711,2983
21712,2983
21713,2983
21714,2983
21715,2983
21716,2983
21717,2983
21718,2983
21719,2983
21720,2983
21721,2983
21722,2983
21723,2983
21724,2983
21725,2983
21726,2983
21727,2983
21728,2983
21729,2983
21730,2983
21731,2983
21732,2983
21733,2983
21734,2983
21735,2983
21736,2983
21737,2983
21738,2983
21739,2983
21740,2983
21741,2983
21742,2983
21743,2983
21744,2983
21745,2983
21746,2983
21747,2983
21748,2983
21749,2983
21750,2983
21751,2983
21752,2983
21753,2983
21754,2983
21755,2983
21756,2983
21757,2983
21758,2983
21759,2983
21760,2983
21761,2983
21762,2983
21763,2983
21764,2983
21765,2983
21766,2983
21767,2983
21768,2983
21769,2983
21770,2983
21771,2983
21772,2983
21773,2983
21774,2983
21775,2983
21776,2983
21777,2983
21778,2983
21779,2983
21780,2983
21781,2983
21782,2983
21783,2983
21784,2983
21785,2983
21786,2983
21787,2983
21788,2983
21789,2983
21790,2983
21791,2983
21792,2983
21793,2983
21794,2983
21795,2983
21796,2983
21797,2983
21798,2983
21799,2983
21800,2983
21801,2983
21802,2983
21803,2983
21804,2983
21805,2983
21806,2983
21807,2983
21808,2983
21809,2983
21810,2983
21811,2983
21812,2983
21813,2983
21814,2983
21815,2983
21816,2983
21817,2983
21818,2983
21819,2983
21820,2983
21821,2983
21822,2983
21823,2983
21824,2983
21825,2983
21826,2983
21827,2983
21828,2983
21829,2983
21830,2983
21831,2983
21832,2983
21833,2983
21834,2983
21835,2983
21836,2983
21837,2983
21838,2983
21839,2983
21840,2983
21841,2983
21842,2983
21843,2983
21844,2983
21845,2983
21846,2983
21847,2983
21848,2983
21849,2983
21850,2983
21851,2983
21852,2983
21853,2983
21854,2983
21855,2983
21856,2983
21857,2983
21858,2983
21859,2983
21860,2983
21861,2983
21862,2983
21863,2983
21864,2983
21865,2983
21866,2983
21867,2983
21868,2983
21869,2983
21870,2983
21871,2983
21872,2983
21873,2983
21874,2983
21875,2983
21876,2983
21877,2983
21878,2983
21879,2983
21880,2983
21881,2983
21882,2983
21883,2983
21884,2983
21885,2987
21886,2987
21887,2987
21888,2987
21889,2987
21890,2987
21891,2987
21892,2987
21893,2987
21894,2987
21895,2987
21896,2987
21897,2987
21898,2987
21899,2987
21900,2987
21901,2987
21902,2987
21903,2987
21904,2987
21905,2987
21906,2987
21907,2987
21908,2987
21909,2987
21910,2987
21911,2987
21912,2987
21913,2987
21914,2987
21915,2987
21916,2987
21917,2987
21918,2987
21919,2987
21920,2987
21921,2987
21922,2987
21923,2987
21924,2987
21925,2987
21926,2987
21927,2987
21928,2987
21929,2987
21930,2987
21931,2987
21932,2987
21933,2987
21934,2987
21935,2987
21936,2987
21937,2987
21938,2987
21939,2987
21940,2987
21941,2987
21942,2987
21943,2987
21944,2987
21945,2987
21946,2987
21947,2987
21948,2987
21949,2987
21950,2987
21951,2987
21952,2987
21953,2987
21954,2987
21955,2987
21956,2987
21957,2987
21958,2987
21959,2987
21960,2987
21961,2987
21962,2987
21963,2987
21964,2987
21965,2987
21966,2987
21967,2987
21968,2987
21969,2987
21970,2987
21971,2987
21972,2987
21973,2987
21974,2987
21975,2987
21976,2987
21977,2987
21978,2987
21979,2987
21980,2987
21981,2987
21982,2987
21983,2987
21984,2987
21985,2987
21986,2987
21987,2987
21988,2987
21989,2987
21990,2987
21991,2987
21992,2987
21993,2987
21994,2987
21995,2987
21996,2987
21997,2987
21998,2987
21999,2987
22000,2987
22001,2987
22002,2987
22003,2987
22004,2987
22005,2987
22006,2987
22007,2987
22008,2987
22009,2987
22010,2987
22011,2987
22012,2987
22013,2987
22014,2987
22015,2987
22016,2987
22017,2987
22018,2987
22019,2987
22020,2987
22021,2987
22022,2987
22023,2987
22024,2987
22025,2987
22026,2987
22027,2987
22028,2987
22029,2987
22030,2987
22031,2987
22032,2987
22033,2987
22034,2987
22035,2987
22036,2987
22037,2987
22038,2987
22039,2987
22040,2987
22041,2987
22042,2987
22043,2987
22044,2987
22045,2987
22046,2987
22047,2987
22048,2987
22049,2987
22050,2987
22051,2987
22052,2987
22053,2987
22054,2987
22055,2987
22056,2987
22057,2987
22058,2987
22059,2987
22060,2987
22061,2987
22062,2987
22063,2987
22064,2987
22065,2987
22066,2987
22067,2987
22068,2987
22069,2987
22070,2987
22071,2987
22072,2987
22073,2987
22074,2987
22075,2987
22076,2987
22077,2987
22078,2987
22079,2987
22080,2987
22081,2987
22082,2987
22083,2987
22084,2987
22085,2987
22086,2987
22087,2987
22088,2987
22089,2987
22090,2987
22091,2987
22092,2987
22093,2987
22094,2987
22095,2987
22096,2987
22097,2987
22098,2987
22099,2987
22100,2987
22101,2987
22102,2987
22103,2987
22104,2987
22105,2987
22106,2987
22107,2987
22108,2987
22109,2987
22110,2987
22111,2987
22112,2987
22113,2987
22114,2987
22115,2987
22116,2987
22117,2987
22118,2987
22119,2987
22120,2987
22121,2987
22122,2987
22123,2987
22124,2987
22125,2987
22126,2987
22127,2987
22128,2987
22129,2987
22130,2987
22131,2987
22132,2987
22133,2987
22134,2987
22135,2987
22136,2987
22137,2987
22138,2987
22139,2987
22140,2987
22141,2987
22142,2987
22143,2987
22144,2987
22145,2987
22146,2987
22147,2987
22148,2987
22149,2987
22150,2987
22151,2987
22152,2987
22153,2987
22154,2987
22155,2987
22156,2987
22157,2987
22158,2987
22159,2987
22160,2987
22161,2987
22162,2987
22163,2987
22164,2987
22165,2987
22166,2987
22167,2987
22168,2987
22169,2987
22170,2987
22171,2987
22172,2987
22173,2987
22174,2987
22175,2987
22176,2987
22177,2987
22178,2987
22179,2987
22180,2987
22181,2987
22182,2987
22183,2987
22184,2987
22185,2987
22186,2987
22187,2987
22188,2987
22189,2987
22190,2987
22191,2987
22192,2987
22193,2987
22194,2987
22195,2987
22196,2987
22197,2987
22198,2987
22199,2987
22200,2987
22201,2987
22202,2987
22203,2987
22204,2987
22205,2987
22206,2987
22207,2987
22208,2987
22209,2987
22210,2987
22211,2987
22212,2987
22213,2987
22214,2987
22215,2987
22216,2987
22217,2987
22218,2987
22219,2987
22220,2987
22221,2987
22222,2987
22223,2987
22224,2987
22225,2987
22226,2987
22227,2987
22228,2987
22229,2987
22230,2987
22231,2987
22232,2987
22233,2987
22234,2987
22235,2987
22236,2987
22237,2987
22238,2987
22239,2987
22240,2987
22241,2987
22242,2987
22243,2987
22244,2987
22245,2987
22246,2987
22247,2987
22248,2987
22249,2987
22250,2987
22251,2987
22252,2987
22253,2987
22254,2987
22255,2987
22256,2987
22257,2987
22258,2987
22259,2987
22260,2987
22261,2987
22262,2987
22263,2987
22264,2987
22265,2987
22266,2987
22267,2987
22268,2987
22269,2987
22270,2987
22271,2987
22272,2987
22273,2987
22274,2987
22275,2987
22276,2987
22277,2987
22278,2987
22279,2987
22280,2987
22281,2987
22282,2987
22283,2987
22284,2987
22285,2987
22286,2987
22287,2987
22288,2987
22289,2987
22290,2987
22291,2987
22292,2987
22293,2987
22294,2987
22295,2987
22296,2987
22297,2987
22298,2987
22299,2987
22300,2987
22301,2987
22302,2987
22303,2987
22304,2987
22305,2987
22306,2987
22307,2987
22308,2987
22309,2987
22310,2987
22311,2987
22312,2987
22313,2987
22314,2987
22315,2987
22316,2987
22317,2987
22318,2987
22319,2987
22320,2987
22321,2987
22322,2987
22323,2987
22324,2987
22325,2987
22326,2987
22327,2987
22328,2987
22329,2987
22330,2987
22331,2987
22332,2987
22333,2987
22334,2987
22335,2987
22336,2987
22337,2987
22338,2987
22339,2987
22340,2987
22341,2987
22342,2987
22343,2987
22344,2987
22345,2987
22346,2987
22347,2987
22348,2987
22349,2987
22350,2987
22351,2987
22352,2987
22353,2987
22354,2987
22355,2987
22356,2987
22357,2987
22358,2987
22359,2987
22360,2987
22361,2987
22362,2987
22363,2987
22364,2987
22365,2987
22366,2987
22367,2987
22368,2987
22369,2987
22370,2987
22371,2987
22372,2987
22373,2987
22374,2987
22375,2987
22376,2987
22377,2987
22378,2987
22379,2987
22380,2987
22381,2987
22382,2987
22383,2987
22384,2987
22385,2987
22386,2987
22387,2987
22388,2987
22389,2987
22390,2987
22391,2987
22392,2987
22393,2987
22394,2987
22395,2987
22396,2987
22397,2987
22398,2987
22399,2987
22400,2987
22401,2987
22402,2987
22403,2987
22404,2987
22405,2987
22406,2987
22407,2987
22408,2987
22409,2987
22410,2987
22411,2987
22412,2987
22413,2987
22414,2987
22415,2987
22416,2987
22417,2987
22418,2987
22419,2987
22420,2987
22421,2987
22422,2987
22423,2987
22424,2987
22425,2987
22426,2987
22427,2987
22428,2987
22429,2987
22430,2988
22431,2988
22432,2988
22433,2988
22434,2988
22435,2988
22436,2988
22437,2988
22438,2988
22439,2988
22440,2988
22441,2988
22442,2988
22443,2988
22444,2988
22445,2988
22446,2988
22447,2988
22448,2988
22449,2988
22450,2988
22451,2988
22452,2988
22453,2988
22454,2988
22455,2988
22456,2988
22457,2988
22458,2988
22459,2988
22460,2988
22461,2988
22462,2988
22463,2988
22464,2988
22465,2988
22466,2988
22467,2988
22468,2988
22469,2988
22470,2988
22471,2988
22472,2988
22473,2988
22474,2988
22475,2988
22476,2988
22477,2988
22478,2988
22479,2988
22480,2988
22481,2988
22482,2988
22483,2988
22484,2988
22485,2988
22486,2988
22487,2988
22488,2988
22489,2988
22490,2988
22491,2988
22492,2988
22493,2988
22494,2988
22495,2988
22496,2988
22497,2988
22498,2988
22499,2988
22500,2988
22501,2988
22502,2988
22503,2988
22504,2988
22505,2988
22506,2988
22507,2988
22508,2988
22509,2988
22510,2988
22511,2988
22512,2988
22513,2988
22514,2988
22515,2988
22516,2988
22517,2988
22518,2988
22519,2988
22520,2988
22521,2988
22522,2988
22523,2988
22524,2988
22525,2988
22526,2988
22527,2988
22528,2988
22529,2988
22530,2988
22531,2988
22532,2988
22533,2988
22534,2988
22535,2988
22536,2988
22537,2988
22538,2988
22539,2988
22540,2988
22541,2988
22542,2988
22543,2988
22544,2988
22545,2988
22546,2988
22547,2988
22548,2988
22549,2988
22550,2988
22551,2988
22552,2988
22553,2988
22554,2988
22555,2988
22556,2988
22557,2988
22558,2988
22559,2988
22560,2988
22561,2988
22562,2988
22563,2988
22564,2988
22565,2988
22566,2988
22567,2988
22568,2988
22569,2988
22570,2988
22571,2988
22572,2988
22573,2988
22574,2988
22575,2988
22576,2988
22577,2988
22578,2988
22579,2988
22580,2988
22581,2988
22582,2988
22583,2988
22584,2988
22585,2988
22586,2988
22587,2988
22588,2988
22589,2988
22590,2988
22591,2988
22592,2988
22593,2988
22594,2988
22595,2988
22596,2988
22597,2988
22598,2988
22599,2988
22600,2988
22601,2988
22602,2988
22603,2988
22604,2988
22605,2988
22606,2988
22607,2988
22608,2988
22609,2988
22610,2988
22611,2988
22612,2988
22613,2988
22614,2988
22615,2988
22616,2988
22617,2988
22618,2988
22619,2988
22620,2988
22621,2988
22622,2988
22623,2988
22624,2988
22625,2988
22626,2988
22627,2988
22628,2988
22629,2988
22630,2988
22631,2988
22632,2988
22633,2988
22634,2988
22635,2988
22636,2988
22637,2988
22638,2988
22639,2988
22640,2988
22641,2988
22642,2988
22643,2988
22644,2988
22645,2988
22646,2988
22647,2988
22648,2988
22649,2988
22650,2988
22651,2988
22652,2988
22653,2988
22654,2988
22655,2988
22656,2988
22657,2988
22658,2988
22659,2988
22660,2988
22661,2988
22662,2988
22663,2988
22664,2988
22665,2988
22666,2988
22667,2988
22668,2988
22669,2988
22670,2988
22671,2988
22672,2988
22673,2988
22674,2988
22675,2988
22676,2988
22677,2988
22678,2988
22679,2988
22680,2988
22681,2988
22682,2988
22683,2988
22684,2988
22685,2988
22686,2988
22687,2988
22688,2988
22689,2988
22690,2988
22691,2988
22692,2988
22693,2988
22694,2988
22695,2988
22696,2988
22697,2988
22698,2988
22699,2988
22700,2988
22701,2988
22702,2988
22703,2988
22704,2988
22705,2988
22706,2988
22707,2988
22708,2988
22709,2988
22710,2988
22711,2988
22712,2988
22713,2988
22714,2988
22715,2988
22716,2988
22717,2988
22718,2988
22719,2988
22720,2988
22721,2988
22722,2988
22723,2988
22724,2988
22725,3009
22726,3009
22727,3009
22728,3009
22729,3009
22730,3009
22731,3018
22732,3018
22733,3018
22734,3018
22735,3018
22736,3018
22737,3018
22738,3018
22739,3018
22740,3018
22741,3018
22742,3018
22743,3018
22744,3018
22745,3018
22746,3018
22747,3018
22748,3018
22749,3018
22750,3018
22751,3018
22752,3018
22753,3018
22754,3018
22755,3018
22756,3018
22757,3018
22758,3018
22759,3018
22760,3018
22761,3018
22762,3018
22763,3018
22764,3018
22765,3019
22766,3019
22767,3019
22768,3019
22769,3019
22770,3019
22771,3019
22772,3019
22773,3019
22774,3019
22775,3019
22776,3019
22777,3019
22778,3019
22779,3019
22780,3019
22781,3019
22782,3019
22783,3019
22784,3019
22785,3019
22786,3019
22787,3019
22788,3019
22789,3019
22790,3019
22791,3019
22792,3019
22793,3019
22794,3019
22795,3019
22796,3019
22797,3019
22798,3019
22799,3019
22800,3019
22801,3019
22802,3019
22803,3019
22804,3019
22805,3019
22806,3019
22807,3019
22808,3019
22809,3019
22810,3019
22811,3019
22812,3019
22813,3019
22814,3019
22815,3019
22816,3019
22817,3019
22818,3019
22819,3019
22820,3019
22821,3019
22822,3019
22823,3019
22824,3019
22825,3019
22826,3019
22827,3019
22828,3019
22829,3019
22830,3019
22831,3019
22832,3019
22833,3019
22834,3019
22835,3019
22836,3019
22837,3019
22838,3019
22839,3019
22840,3019
22841,3019
22842,3019
22843,3019
22844,3019
22845,3019
22846,3019
22847,3019
22848,3019
22849,3019
22850,3019
22851,3019
22852,3019
22853,3019
22854,3019
22855,3019
22856,3019
22857,3019
22858,3019
22859,3019
22860,3019
22861,3019
22862,3019
22863,3019
22864,3019
22865,3019
22866,3019
22867,3019
22868,3019
22869,3019
22870,3019
22871,3019
22872,3019
22873,3019
22874,3019
22875,3019
22876,3019
22877,3019
22878,3019
22879,3019
22880,3019
22881,3019
22882,3019
22883,3019
22884,3019
22885,3019
22886,3019
22887,3019
22888,3019
22889,3019
22890,3019
22891,3019
22892,3019
22893,3019
22894,3019
22895,3019
22896,3019
22897,3019
22898,3019
22899,3019
22900,3019
22901,3019
22902,3019
22903,3019
22904,3019
22905,3019
22906,3019
22907,3019
22908,3019
22909,3019
22910,3019
22911,3019
22912,3019
22913,3019
22914,3019
22915,3019
22916,3019
22917,3019
22918,3019
22919,3019
22920,3019
22921,3019
22922,3019
22923,3019
22924,3019
22925,3019
22926,3019
22927,3019
22928,3019
22929,3019
22930,3019
22931,3019
22932,3019
22933,3019
22934,3019
22935,3019
22936,3019
22937,3019
22938,3019
22939,3019
22940,3019
22941,3019
22942,3019
22943,3019
22944,3019
22945,3019
22946,3019
22947,3019
22948,3019
22949,3019
22950,3019
22951,3019
22952,3019
22953,3019
22954,3019
22955,3019
22956,3019
22957,3019
22958,3019
22959,3019
22960,3019
22961,3019
22962,3019
22963,3019
22964,3019
22965,3019
22966,3019
22967,3019
22968,3019
22969,3019
22970,3019
22971,3019
22972,3019
22973,3019
22974,3019
22975,3019
22976,3019
22977,3019
22978,3019
22979,3019
22980,3019
22981,3019
22982,3019
22983,3019
22984,3019
22985,3019
22986,3019
22987,3019
22988,3019
22989,3019
22990,3020
22991,3020
22992,3020
22993,3020
22994,3020
22995,3020
22996,3020
22997,3020
22998,3020
22999,3020
23000,3020
23001,3020
23002,3020
23003,3020
23004,3040
23005,3040
23006,3040
23007,3040
23008,3040
23009,3040
23010,3040
23011,3040
23012,3040
23013,3040
23014,3040
23015,3040
23016,3040
23017,3040
23018,3040
23019,3040
23020,3040
23021,3040
23022,3040
23023,3040
23024,3040
23025,3040
23026,3040
23027,3040
23028,3040
23029,3040
23030,3040
23031,3040
23032,3040
23033,3040
23034,3040
23035,3040
23036,3040
23037,3040
23038,3040
23039,3040
23040,3040
23041,3040
23042,3040
23043,3040
23044,3040
23045,3040
23046,3040
23047,3040
23048,3040
23049,3040
23050,3040
23051,3040
23052,3040
23053,3040
23054,3040
23055,3040
23056,3040
23057,3040
23058,3040
23059,3040
23060,3040
23061,3040
23062,3040
23063,3040
23064,3040
23065,3040
23066,3044
23067,3044
23068,3044
23069,3044
23070,3044
23071,3044
23072,3044
23073,3044
23074,3044
23075,3044
23076,3044
23077,3044
23078,3044
23079,3044
23080,3044
23081,3044
23082,3044
23083,3044
23084,3044
23085,3044
23086,3044
23087,3044
23088,3044
23089,3044
23090,3044
23091,3044
23092,3044
23093,3044
23094,3044
23095,3044
23096,3044
23097,3044
23098,3044
23099,3044
23100,3044
23101,3044
23102,3048
23103,3048
23104,3048
23105,3048
23106,3048
23107,3048
23108,3048
23109,3048
23110,3048
23111,3048
23112,3048
23113,3048
23114,3048
23115,3048
23116,3048
23117,3048
23118,3048
23119,3048
23120,3048
23121,3048
23122,3048
23123,3048
23124,3048
23125,3048
23126,3048
23127,3048
23128,3048
23129,3048
23130,3048
23131,3048
23132,3048
23133,3048
23134,3048
23135,3048
23136,3048
23137,3048
23138,3048
23139,3048
23140,3048
23141,3048
23142,3048
23143,3048
23144,3048
23145,3048
23146,3048
23147,3048
23148,3048
23149,3048
23150,3048
23151,3048
23152,3048
23153,3048
23154,3048
23155,3048
23156,3048
23157,3048
23158,3048
23159,3048
23160,3048
23161,3048
23162,3048
23163,3048
23164,3048
23165,3048
23166,3048
23167,3051
23168,3051
23169,3051
23170,3051
23171,3051
23172,3051
23173,3051
23174,3051
23175,3051
23176,3051
23177,3051
23178,3051
23179,3051
23180,3051
23181,3051
23182,3051
23183,3051
23184,3051
23185,3051
23186,3051
23187,3051
23188,3051
23189,3051
23190,3051
23191,3051
23192,3051
23193,3051
23194,3051
23195,3051
23196,3051
23197,3051
23198,3051
23199,3051
23200,3051
23201,3051
23202,3051
23203,3051
23204,3051
23205,3051
23206,3051
23207,3051
23208,3051
23209,3051
23210,3051
23211,3051
23212,3051
23213,3051
23214,3051
23215,3051
23216,3051
23217,3051
23218,3051
23219,3051
23220,3051
23221,3051
23222,3051
23223,3051
23224,3051
23225,3051
23226,3051
23227,3051
23228,3051
23229,3051
23230,3051
23231,3051
23232,3051
23233,3051
23234,3051
23235,3051
23236,3051
23237,3051
23238,3051
23239,3051
23240,3051
23241,3051
23242,3051
23243,3051
23244,3051
23245,3051
23246,3051
23247,3051
23248,3051
23249,3051
23250,3051
23251,3051
23252,3051
23253,3051
23254,3051
23255,3051
23256,3051
23257,3051
23258,3051
23259,3051
23260,3051
23261,3051
23262,3051
23263,3051
23264,3051
23265,3051
23266,3051
23267,3051
23268,3051
23269,3051
23270,3051
23271,3051
23272,3051
23273,3051
23274,3051
23275,3051
23276,3051
23277,3051
23278,3051
23279,3051
23280,3051
23281,3051
23282,3051
23283,3051
23284,3051
23285,3051
23286,3051
23287,3051
23288,3051
23289,3051
23290,3051
23291,3051
23292,3051
23293,3051
23294,3051
23295,3051
23296,3051
23297,3051
23298,3051
23299,3051
23300,3051
23301,3051
23302,3051
23303,3051
23304,3051
23305,3051
23306,3051
23307,3051
23308,3051
23309,3051
23310,3051
23311,3051
23312,3051
23313,3051
23314,3051
23315,3051
23316,3051
23317,3051
23318,3051
23319,3051
23320,3051
23321,3051
23322,3051
23323,3051
23324,3051
23325,3051
23326,3051
23327,3051
23328,3051
23329,3051
23330,3051
23331,3051
23332,3051
23333,3051
23334,3051
23335,3051
23336,3051
23337,3051
23338,3051
23339,3051
23340,3051
23341,3051
23342,3051
23343,3051
23344,3051
23345,3051
23346,3051
23347,3051
23348,3051
23349,3051
23350,3051
23351,3051
23352,3051
23353,3051
23354,3051
23355,3051
23356,3051
23357,3051
23358,3051
23359,3051
23360,3051
23361,3051
23362,3051
23363,3051
23364,3051
23365,3051
23366,3051
23367,3051
23368,3051
23369,3051
23370,3051
23371,3051
23372,3051
23373,3051
23374,3051
23375,3051
23376,3051
23377,3051
23378,3051
23379,3051
23380,3051
23381,3051
23382,3051
23383,3051
23384,3051
23385,3051
23386,3051
23387,3051
23388,3051
23389,3051
23390,3051
23391,3051
23392,3051
23393,3051
23394,3051
23395,3051
23396,3051
23397,3051
23398,3051
23399,3051
23400,3051
23401,3051
23402,3051
23403,3051
23404,3051
23405,3051
23406,3051
23407,3051
23408,3051
23409,3051
23410,3051
23411,3051
23412,3051
23413,3051
23414,3051
23415,3051
23416,3051
23417,3051
23418,3051
23419,3051
23420,3051
23421,3051
23422,3051
23423,3051
23424,3051
23425,3051
23426,3051
23427,3051
23428,3051
23429,3051
23430,3051
23431,3051
23432,3051
23433,3051
23434,3051
23435,3051
23436,3051
23437,3051
23438,3051
23439,3051
23440,3051
23441,3051
23442,3051
23443,3051
23444,3051
23445,3051
23446,3051
23447,3051
23448,3051
23449,3051
23450,3051
23451,3051
23452,3051
23453,3051
23454,3051
23455,3051
23456,3051
23457,3051
23458,3051
23459,3051
23460,3051
23461,3051
23462,3051
23463,3051
23464,3051
23465,3051
23466,3051
23467,3051
23468,3051
23469,3051
23470,3051
23471,3051
23472,3051
23473,3051
23474,3051
23475,3051
23476,3051
23477,3051
23478,3051
23479,3051
23480,3051
23481,3051
23482,3051
23483,3051
23484,3051
23485,3051
23486,3051
23487,3051
23488,3051
23489,3051
23490,3051
23491,3051
23492,3051
23493,3051
23494,3051
23495,3051
23496,3051
23497,3051
23498,3051
23499,3051
23500,3051
23501,3051
23502,3051
23503,3051
23504,3051
23505,3051
23506,3051
23507,3051
23508,3051
23509,3051
23510,3051
23511,3051
23512,3051
23513,3051
23514,3051
23515,3051
23516,3051
23517,3051
23518,3051
23519,3051
23520,3051
23521,3051
23522,3051
23523,3051
23524,3051
23525,3051
23526,3051
23527,3051
23528,3051
23529,3051
23530,3051
23531,3051
23532,3051
23533,3051
23534,3051
23535,3051
23536,3051
23537,3051
23538,3051
23539,3051
23540,3051
23541,3051
23542,3051
23543,3051
23544,3051
23545,3051
23546,3051
23547,3051
23548,3051
23549,3051
23550,3051
23551,3051
23552,3051
23553,3051
23554,3051
23555,3051
23556,3051
23557,3051
23558,3051
23559,3051
23560,3051
23561,3051
23562,3051
23563,3051
23564,3051
23565,3051
23566,3051
23567,3051
23568,3051
23569,3051
23570,3051
23571,3051
23572,3051
23573,3051
23574,3051
23575,3051
23576,3053
23577,3053
23578,3053
23579,3053
23580,3053
23581,3053
23582,3053
23583,3053
23584,3053
23585,3053
23586,3053
23587,3053
23588,3053
23589,3053
23590,3053
23591,3053
23592,3053
23593,3053
23594,3053
23595,3053
23596,3053
23597,3057
23598,3057
23599,3057
23600,3057
23601,3057
23602,3057
23603,3057
23604,3057
23605,3057
23606,3057
23607,3057
23608,3057
23609,3057
23610,3057
23611,3057
23612,3057
23613,3057
23614,3057
23615,3057
23616,3057
23617,3057
23618,3057
23619,3057
23620,3057
23621,3057
23622,3057
23623,3057
23624,3057
23625,3057
23626,3057
23627,3057
23628,3057
23629,3057
23630,3057
23631,3057
23632,3057
23633,3057
23634,3057
23635,3057
23636,3057
23637,3057
23638,3057
23639,3057
23640,3057
23641,3057
23642,3057
23643,3057
23644,3057
23645,3057
23646,3057
23647,3057
23648,3057
23649,3057
23650,3057
23651,3057
23652,3057
23653,3057
23654,3057
23655,3057
23656,3057
23657,3057
23658,3057
23659,3057
23660,3057
23661,3057
23662,3057
23663,3057
23664,3057
23665,3057
23666,3057
23667,3057
23668,3057
23669,3057
23670,3057
23671,3057
23672,3057
23673,3057
23674,3057
23675,3057
23676,3057
23677,3057
23678,3057
23679,3057
23680,3057
23681,3057
23682,3057
23683,3057
23684,3057
23685,3057
23686,3057
23687,3057
23688,3057
23689,3057
23690,3057
23691,3057
23692,3057
23693,3057
23694,3057
23695,3057
23696,3057
23697,3057
23698,3057
23699,3057
23700,3057
23701,3057
23702,3057
23703,3057
23704,3057
23705,3057
23706,3057
23707,3057
23708,3057
23709,3057
23710,3057
23711,3057
23712,3057
23713,3057
23714,3057
23715,3057
23716,3057
23717,3057
23718,3057
23719,3057
23720,3057
23721,3057
23722,3057
23723,3057
23724,3057
23725,3057
23726,3057
23727,3057
23728,3057
23729,3057
23730,3057
23731,3057
23732,3057
23733,3057
23734,3057
23735,3057
23736,3057
23737,3057
23738,3057
23739,3057
23740,3057
23741,3057
23742,3057
23743,3057
23744,3057
23745,3057
23746,3057
23747,3057
23748,3057
23749,3057
23750,3057
23751,3057
23752,3057
23753,3057
23754,3057
23755,3057
23756,3057
23757,3057
23758,3057
23759,3057
23760,3057
23761,3057
23762,3057
23763,3057
23764,3057
23765,3057
23766,3057
23767,3057
23768,3057
23769,3057
23770,3057
23771,3057
23772,3057
23773,3057
23774,3057
23775,3057
23776,3057
23777,3057
23778,3057
23779,3057
23780,3057
23781,3057
23782,3057
23783,3057
23784,3057
23785,3057
23786,3057
23787,3057
23788,3057
23789,3057
23790,3057
23791,3057
23792,3057
23793,3057
23794,3057
23795,3057
23796,3057
23797,3057
23798,3057
23799,3057
23800,3057
23801,3057
23802,3057
23803,3057
23804,3057
23805,3057
23806,3057
23807,3057
23808,3057
23809,3057
23810,3057
23811,3057
23812,3057
23813,3057
23814,3057
23815,3057
23816,3057
23817,3057
23818,3057
23819,3057
23820,3057
23821,3057
23822,3057
23823,3057
23824,3057
23825,3057
23826,3057
23827,3057
23828,3057
23829,3057
23830,3057
23831,3057
23832,3057
23833,3057
23834,3057
23835,3057
23836,3057
23837,3057
23838,3057
23839,3057
23840,3057
23841,3057
23842,3057
23843,3057
23844,3057
23845,3057
23846,3057
23847,3057
23848,3057
23849,3057
23850,3057
23851,3057
23852,3057
23853,3057
23854,3057
23855,3057
23856,3057
23857,3057
23858,3057
23859,3057
23860,3057
23861,3057
23862,3057
23863,3057
23864,3057
23865,3057
23866,3057
23867,3057
23868,3057
23869,3057
23870,3057
23871,3057
23872,3057
23873,3057
23874,3057
23875,3057
23876,3057
23877,3057
23878,3057
23879,3057
23880,3057
23881,3057
23882,3057
23883,3057
23884,3057
23885,3057
23886,3057
23887,3057
23888,3057
23889,3057
23890,3057
23891,3057
23892,3057
23893,3057
23894,3057
23895,3057
23896,3057
23897,3057
23898,3057
23899,3057
23900,3057
23901,3057
23902,3057
23903,3057
23904,3057
23905,3057
23906,3057
23907,3057
23908,3057
23909,3057
23910,3057
23911,3057
23912,3057
23913,3057
23914,3057
23915,3057
23916,3057
23917,3057
23918,3057
23919,3057
23920,3057
23921,3057
23922,3057
23923,3057
23924,3057
23925,3057
23926,3057
23927,3057
23928,3057
23929,3057
23930,3057
23931,3057
23932,3057
23933,3061
23934,3061
23935,3061
23936,3061
23937,3061
23938,3061
23939,3061
23940,3063
23941,3063
23942,3063
23943,3063
23944,3063
23945,3063
23946,3063
23947,3063
23948,3063
23949,3063
23950,3063
23951,3063
23952,3063
23953,3063
23954,3063
23955,3063
23956,3063
23957,3063
23958,3063
23959,3063
23960,3063
23961,3063
23962,3063
23963,3063
23964,3063
23965,3063
23966,3063
23967,3063
23968,3063
23969,3063
23970,3063
23971,3063
23972,3063
23973,3063
23974,3063
23975,3063
23976,3063
23977,3063
23978,3063
23979,3063
23980,3063
23981,3063
23982,3063
23983,3063
23984,3063
23985,3063
23986,3063
23987,3063
23988,3063
23989,3063
23990,3063
23991,3063
23992,3063
23993,3063
23994,3063
23995,3063
23996,3063
23997,3063
23998,3063
23999,3063
24000,3063
24001,3063
24002,3063
24003,3063
24004,3063
24005,3063
24006,3063
24007,3063
24008,3063
24009,3063
24010,3063
24011,3063
24012,3063
24013,3063
24014,3063
24015,3063
24016,3063
24017,3063
24018,3063
24019,3063
24020,3063
24021,3063
24022,3063
24023,3063
24024,3063
24025,3063
24026,3063
24027,3063
24028,3063
24029,3063
24030,3063
24031,3063
24032,3063
24033,3063
24034,3063
24035,3063
24036,3063
24037,3063
24038,3063
24039,3063
24040,3063
24041,3063
24042,3063
24043,3063
24044,3063
24045,3063
24046,3063
24047,3063
24048,3063
24049,3063
24050,3078
24051,3078
24052,3078
24053,3078
24054,3078
24055,3078
24056,3078
24057,3078
24058,3078
24059,3078
24060,3078
24061,3078
24062,3078
24063,3078
24064,3078
24065,3078
24066,3078
24067,3078
24068,3078
24069,3078
24070,3078
24071,3078
24072,3078
24073,3078
24074,3078
24075,3078
24076,3078
24077,3078
24078,3078
24079,3078
24080,3078
24081,3078
24082,3078
24083,3078
24084,3078
24085,3078
24086,3078
24087,3078
24088,3078
24089,3078
24090,3078
24091,3078
24092,3078
24093,3078
24094,3078
24095,3078
24096,3078
24097,3078
24098,3078
24099,3078
24100,3078
24101,3078
24102,3078
24103,3078
24104,3078
24105,3078
24106,3078
24107,3078
24108,3078
24109,3078
24110,3078
24111,3078
24112,3078
24113,3078
24114,3078
24115,3078
24116,3078
24117,3078
24118,3078
24119,3078
24120,3078
24121,3078
24122,3078
24123,3078
24124,3078
24125,3078
24126,3078
24127,3078
24128,3078
24129,3078
24130,3078
24131,3078
24132,3078
24133,3078
24134,3078
24135,3078
24136,3078
24137,3078
24138,3078
24139,3078
24140,3078
24141,3078
24142,3078
24143,3078
24144,3078
24145,3078
24146,3078
24147,3078
24148,3078
24149,3078
24150,3078
24151,3078
24152,3078
24153,3078
24154,3078
24155,3078
24156,3078
24157,3078
24158,3078
24159,3078
24160,3078
24161,3078
24162,3078
24163,3078
24164,3078
24165,3078
24166,3078
24167,3078
24168,3078
24169,3080
24170,3080
24171,3080
24172,3080
24173,3080
24174,3080
24175,3080
24176,3080
24177,3080
24178,3080
24179,3080
24180,3080
24181,3080
24182,3080
24183,3082
24184,3082
24185,3082
24186,3082
24187,3082
24188,3082
24189,3082
24190,3082
24191,3082
24192,3082
24193,3082
24194,3082
24195,3082
24196,3082
24197,3082
24198,3082
24199,3082
24200,3082
24201,3082
24202,3082
24203,3082
24204,3082
24205,3082
24206,3082
24207,3082
24208,3082
24209,3082
24210,3082
24211,3082
24212,3082
24213,3082
24214,3082
24215,3082
24216,3082
24217,3082
24218,3082
24219,3082
24220,3082
24221,3082
24222,3082
24223,3082
24224,3082
24225,3082
24226,3082
24227,3082
24228,3082
24229,3082
24230,3082
24231,3082
24232,3082
24233,3082
24234,3082
24235,3082
24236,3082
24237,3082
24238,3082
24239,3082
24240,3082
24241,3082
24242,3082
24243,3082
24244,3082
24245,3082
24246,3082
24247,3082
24248,3082
24249,3082
24250,3082
24251,3082
24252,3082
24253,3082
24254,3082
24255,3082
24256,3082
24257,3082
24258,3082
24259,3082
24260,3082
24261,3082
24262,3082
24263,3082
24264,3082
24265,3082
24266,3082
24267,3082
24268,3082
24269,3082
24270,3082
24271,3082
24272,3082
24273,3082
24274,3082
24275,3082
24276,3082
24277,3082
24278,3082
24279,3082
24280,3082
24281,3082
24282,3082
24283,3082
24284,3082
24285,3082
24286,3082
24287,3082
24288,3082
24289,3082
24290,3082
24291,3082
24292,3082
24293,3082
24294,3082
24295,3082
24296,3082
24297,3082
24298,3082
24299,3082
24300,3082
24301,3082
24302,3082
24303,3082
24304,3082
24305,3082
24306,3082
24307,3082
24308,3082
24309,3082
24310,3082
24311,3082
24312,3082
24313,3082
24314,3082
24315,3082
24316,3082
24317,3082
24318,3082
24319,3082
24320,3082
24321,3082
24322,3082
24323,3082
24324,3084
24325,3084
24326,3084
24327,3084
24328,3084
24329,3084
24330,3084
24331,3084
24332,3084
24333,3084
24334,3084
24335,3084
24336,3084
24337,3084
24338,3084
24339,3084
24340,3084
24341,3084
24342,3084
24343,3084
24344,3084
24345,3084
24346,3084
24347,3086
24348,3086
24349,3086
24350,3086
24351,3086
24352,3086
24353,3086
24354,3086
24355,3086
24356,3086
24357,3086
24358,3086
24359,3086
24360,3086
24361,3086
24362,3086
24363,3086
24364,3086
24365,3086
24366,3086
24367,3086
24368,3086
24369,3086
24370,3086
24371,3086
24372,3086
24373,3086
24374,3086
24375,3086
24376,3086
24377,3086
24378,3086
24379,3086
24380,3086
24381,3086
24382,3086
24383,3086
24384,3086
24385,3086
24386,3086
24387,3086
24388,3086
24389,3086
24390,3086
24391,3086
24392,3086
24393,3086
24394,3086
24395,3086
24396,3086
24397,3086
24398,3086
24399,3086
24400,3086
24401,3086
24402,3086
24403,3086
24404,3091
24405,3091
24406,3091
24407,3091
24408,3091
24409,3091
24410,3091
24411,3091
24412,3091
24413,3091
24414,3091
24415,3091
24416,3091
24417,3091
24418,3091
24419,3091
24420,3091
24421,3091
24422,3091
24423,3091
24424,3091
24425,3091
24426,3091
24427,3091
24428,3091
24429,3091
24430,3091
24431,3091
24432,3091
24433,3091
24434,3091
24435,3091
24436,3091
24437,3091
24438,3091
24439,3091
24440,3091
24441,3091
24442,3091
24443,3091
24444,3091
24445,3091
24446,3091
24447,3091
24448,3091
24449,3091
24450,3091
24451,3091
24452,3091
24453,3091
24454,3091
24455,3091
24456,3091
24457,3097
24458,3097
24459,3097
24460,3097
24461,3097
24462,3097
24463,3097
24464,3097
24465,3097
24466,3097
24467,3097
24468,3097
24469,3097
24470,3097
24471,3104
24472,3104
24473,3104
24474,3104
24475,3104
24476,3104
24477,3104
24478,3104
24479,3104
24480,3104
24481,3104
24482,3104
24483,3104
24484,3104
24485,3104
24486,3104
24487,3104
24488,3104
24489,3104
24490,3104
24491,3104
24492,3104
24493,3104
24494,3104
24495,3104
24496,3104
24497,3104
24498,3104
24499,3104
24500,3104
24501,3104
24502,3104
24503,3104
24504,3104
24505,3104
24506,3104
24507,3104
24508,3104
24509,3104
24510,3104
24511,3104
24512,3104
24513,3104
24514,3104
24515,3104
24516,3104
24517,3104
24518,3104
24519,3104
24520,3104
24521,3104
24522,3104
24523,3104
24524,3104
24525,3104
24526,3104
24527,3104
24528,3104
24529,3104
24530,3104
24531,3104
24532,3104
24533,3104
24534,3104
24535,3104
24536,3104
24537,3104
24538,3104
24539,3104
24540,3104
24541,3104
24542,3104
24543,3104
24544,3104
24545,3104
24546,3104
24547,3104
24548,3104
24549,3109
24550,3109
24551,3109
24552,3109
24553,3109
24554,3109
24555,3109
24556,3109
24557,3109
24558,3109
24559,3109
24560,3109
24561,3109
24562,3109
24563,3109
24564,3109
24565,3109
24566,3109
24567,3109
24568,3109
24569,3109
24570,3109
24571,3109
24572,3109
24573,3109
24574,3109
24575,3109
24576,3109
24577,3109
24578,3109
24579,3109
24580,3109
24581,3109
24582,3109
24583,3109
24584,3109
24585,3109
24586,3109
24587,3109
24588,3109
24589,3109
24590,3109
24591,3109
24592,3109
24593,3109
24594,3109
24595,3109
24596,3109
24597,3109
24598,3109
24599,3109
24600,3109
24601,3109
24602,3109
24603,3109
24604,3109
24605,3109
24606,3109
24607,3109
24608,3109
24609,3109
24610,3109
24611,3109
24612,3109
24613,3109
24614,3109
24615,3109
24616,3109
24617,3109
24618,3109
24619,3109
24620,3109
24621,3109
24622,3109
24623,3109
24624,3109
24625,3109
24626,3109
24627,3109
24628,3109
24629,3109
24630,3109
24631,3109
24632,3109
24633,3109
24634,3109
24635,3109
24636,3109
24637,3109
24638,3109
24639,3109
24640,3109
24641,3109
24642,3109
24643,3109
24644,3109
24645,3109
24646,3109
24647,3109
24648,3109
24649,3109
24650,3109
24651,3109
24652,3109
24653,3109
24654,3109
24655,3109
24656,3109
24657,3109
24658,3109
24659,3109
24660,3109
24661,3109
24662,3109
24663,3109
24664,3109
24665,3109
24666,3109
24667,3109
24668,3109
24669,3109
24670,3109
24671,3109
24672,3109
24673,3109
24674,3109
24675,3109
24676,3109
24677,3109
24678,3109
24679,3109
24680,3109
24681,3109
24682,3109
24683,3109
24684,3109
24685,3109
24686,3109
24687,3109
24688,3109
24689,3109
24690,3109
24691,3109
24692,3109
24693,3109
24694,3109
24695,3109
24696,3109
24697,3109
24698,3109
24699,3109
24700,3109
24701,3109
24702,3109
24703,3109
24704,3109
24705,3109
24706,3109
24707,3109
24708,3109
24709,3109
24710,3109
24711,3109
24712,3109
24713,3109
24714,3109
24715,3109
24716,3109
24717,3109
24718,3109
24719,3109
24720,3109
24721,3109
24722,3109
24723,3109
24724,3109
24725,3109
24726,3109
24727,3109
24728,3109
24729,3109
24730,3109
24731,3109
24732,3109
24733,3109
24734,3109
24735,3109
24736,3109
24737,3109
24738,3109
24739,3109
24740,3109
24741,3109
24742,3109
24743,3109
24744,3109
24745,3109
24746,3109
24747,3109
24748,3109
24749,3109
24750,3109
24751,3109
24752,3109
24753,3109
24754,3109
24755,3109
24756,3109
24757,3109
24758,3109
24759,3109
24760,3109
24761,3109
24762,3109
24763,3109
24764,3109
24765,3109
24766,3109
24767,3109
24768,3109
24769,3109
24770,3109
24771,3109
24772,3109
24773,3109
24774,3109
24775,3109
24776,3109
24777,3109
24778,3109
24779,3109
24780,3109
24781,3109
24782,3109
24783,3109
24784,3109
24785,3109
24786,3109
24787,3109
24788,3109
24789,3109
24790,3109
24791,3109
24792,3109
24793,3109
24794,3109
24795,3109
24796,3109
24797,3109
24798,3109
24799,3109
24800,3109
24801,3109
24802,3109
24803,3109
24804,3109
24805,3109
24806,3109
24807,3109
24808,3109
24809,3109
24810,3109
24811,3109
24812,3109
24813,3109
24814,3109
24815,3109
24816,3109
24817,3109
24818,3109
24819,3109
24820,3109
24821,3109
24822,3109
24823,3109
24824,3109
24825,3109
24826,3109
24827,3109
24828,3109
24829,3109
24830,3109
24831,3113
24832,3113
24833,3113
24834,3113
24835,3114
24836,3114
24837,3114
24838,3114
24839,3114
24840,3114
24841,3114
24842,3114
24843,3114
24844,3114
24845,3114
24846,3114
24847,3114
24848,3114
24849,3114
24850,3114
24851,3114
24852,3114
24853,3114
24854,3114
24855,3114
24856,3114
24857,3114
24858,3114
24859,3114
24860,3114
24861,3114
24862,3114
24863,3114
24864,3114
24865,3114
24866,3114
24867,3114
24868,3114
24869,3114
24870,3114
24871,3133
24872,3133
24873,3133
24874,3133
24875,3133
24876,3133
24877,3133
24878,3133
24879,3149
24880,3149
24881,3149
24882,3149
24883,3149
24884,3149
24885,3149
24886,3149
24887,3149
24888,3149
24889,3149
24890,3149
24891,3149
24892,3149
24893,3149
24894,3149
24895,3149
24896,3149
24897,3149
24898,3149
24899,3149
24900,3149
24901,3149
24902,3149
24903,3149
24904,3149
24905,3149
24906,3149
24907,3149
24908,3149
24909,3149
24910,3149
24911,3149
24912,3149
24913,3149
24914,3149
24915,3149
24916,3149
24917,3149
24918,3149
24919,3149
24920,3149
24921,3149
24922,3149
24923,3149
24924,3149
24925,3149
24926,3149
24927,3149
24928,3149
24929,3149
24930,3149
24931,3149
24932,3149
24933,3149
24934,3149
24935,3149
24936,3149
24937,3149
24938,3149
24939,3149
24940,3149
24941,3149
24942,3149
24943,3149
24944,3149
24945,3149
24946,3149
24947,3149
24948,3149
24949,3149
24950,3149
24951,3149
24952,3149
24953,3149
24954,3149
24955,3149
24956,3149
24957,3149
24958,3152
24959,3152
24960,3152
24961,3152
24962,3152
24963,3152
24964,3152
24965,3152
24966,3152
24967,3152
24968,3152
24969,3152
24970,3152
24971,3152
24972,3152
24973,3152
24974,3152
24975,3152
24976,3152
24977,3152
24978,3152
24979,3152
24980,3152
24981,3152
24982,3152
24983,3152
24984,3152
24985,3152
24986,3152
24987,3152
24988,3152
24989,3152
24990,3152
24991,3152
24992,3152
24993,3152
24994,3152
24995,3152
24996,3152
24997,3152
24998,3152
24999,3152
25000,3152
25001,3152
25002,3152
25003,3152
25004,3152
25005,3152
25006,3152
25007,3152
25008,3152
25009,3152
25010,3152
25011,3152
25012,3152
25013,3152
25014,3152
25015,3152
25016,3152
25017,3152
25018,3152
25019,3152
25020,3152
25021,3152
25022,3152
25023,3152
25024,3152
25025,3152
25026,3152
25027,3152
25028,3152
25029,3152
25030,3152
25031,3152
25032,3152
25033,3152
25034,3152
25035,3152
25036,3152
25037,3152
25038,3152
25039,3152
25040,3152
25041,3152
25042,3152
25043,3152
25044,3152
25045,3152
25046,3152
25047,3152
25048,3152
25049,3152
25050,3152
25051,3152
25052,3152
25053,3152
25054,3152
25055,3152
25056,3152
25057,3152
25058,3152
25059,3152
25060,3152
25061,3152
25062,3152
25063,3152
25064,3152
25065,3152
25066,3152
25067,3152
25068,3152
25069,3152
25070,3152
25071,3152
25072,3152
25073,3152
25074,3152
25075,3152
25076,3152
25077,3152
25078,3152
25079,3152
25080,3152
25081,3152
25082,3152
25083,3152
25084,3152
25085,3152
25086,3152
25087,3152
25088,3152
25089,3156
25090,3156
25091,3156
25092,3156
25093,3156
25094,3156
25095,3156
25096,3156
25097,3156
25098,3156
25099,3156
25100,3156
25101,3156
25102,3156
25103,3156
25104,3156
25105,3156
25106,3156
25107,3156
25108,3156
25109,3156
25110,3156
25111,3156
25112,3156
25113,3156
25114,3156
25115,3156
25116,3156
25117,3156
25118,3156
25119,3156
25120,3156
25121,3156
25122,3156
25123,3156
25124,3156
25125,3156
25126,3156
25127,3156
25128,3156
25129,3156
25130,3156
25131,3156
25132,3156
25133,3156
25134,3156
25135,3156
25136,3156
25137,3156
25138,3156
25139,3156
25140,3156
25141,3156
25142,3156
25143,3156
25144,3156
25145,3156
25146,3156
25147,3156
25148,3156
25149,3156
25150,3156
25151,3156
25152,3156
25153,3156
25154,3156
25155,3156
25156,3156
25157,3156
25158,3156
25159,3156
25160,3156
25161,3156
25162,3157
25163,3157
25164,3157
25165,3157
25166,3157
25167,3160
25168,3160
25169,3160
25170,3160
25171,3160
25172,3160
25173,3160
25174,3160
25175,3160
25176,3160
25177,3160
25178,3160
25179,3162
25180,3162
25181,3162
25182,3162
25183,3162
25184,3162
25185,3162
25186,3162
25187,3162
25188,3162
25189,3162
25190,3162
25191,3162
25192,3162
25193,3162
25194,3162
25195,3162
25196,3162
25197,3162
25198,3162
25199,3162
25200,3162
25201,3162
25202,3162
25203,3162
25204,3162
25205,3162
25206,3162
25207,3162
25208,3162
25209,3162
25210,3162
25211,3162
25212,3162
25213,3162
25214,3162
25215,3162
25216,3162
25217,3162
25218,3162
25219,3162
25220,3162
25221,3162
25222,3162
25223,3162
25224,3162
25225,3162
25226,3162
25227,3162
25228,3162
25229,3162
25230,3162
25231,3162
25232,3162
25233,3199
25234,3199
25235,3199
25236,3199
25237,3199
25238,3199
25239,3199
25240,3199
25241,3199
25242,3199
25243,3199
25244,3199
25245,3221
25246,3221
25247,3221
25248,3221
25249,3221
25250,3221
25251,3221
25252,3221
25253,3221
25254,3221
25255,3221
25256,3221
25257,3221
25258,3221
25259,3221
25260,3221
25261,3221
25262,3221
25263,3221
25264,3221
25265,3221
25266,3221
25267,3221
25268,3221
25269,3221
25270,3221
25271,3221
25272,3221
25273,3221
25274,3221
25275,3221
25276,3221
25277,3221
25278,3221
25279,3221
25280,3221
25281,3221
25282,3221
25283,3221
25284,3221
25285,3221
25286,3221
25287,3221
25288,3221
25289,3221
25290,3221
25291,3221
25292,3221
25293,3221
25294,3221
25295,3221
25296,3221
25297,3221
25298,3221
25299,3221
25300,3221
25301,3221
25302,3221
25303,3221
25304,3221
25305,3221
25306,3221
25307,3221
25308,3221
25309,3221
25310,3221
25311,3221
25312,3221
25313,3221
25314,3221
25315,3221
25316,3221
25317,3221
25318,3221
25319,3221
25320,3221
25321,3221
25322,3221
25323,3221
25324,3221
25325,3221
25326,3221
25327,3221
25328,3221
25329,3221
25330,3221
25331,3221
25332,3221
25333,3221
25334,3221
25335,3221
25336,3221
25337,3221
25338,3221
25339,3221
25340,3221
25341,3221
25342,3221
25343,3221
25344,3221
25345,3221
25346,3221
25347,3221
25348,3221
25349,3221
25350,3221
25351,3221
25352,3221
25353,3221
25354,3221
25355,3221
25356,3221
25357,3221
25358,3221
25359,3221
25360,3221
25361,3221
25362,3221
25363,3221
25364,3221
25365,3221
25366,3221
25367,3221
25368,3221
25369,3221
25370,3221
25371,3221
25372,3221
25373,3221
25374,3221
25375,3221
25376,3221
25377,3221
25378,3221
25379,3221
25380,3221
25381,3221
25382,3221
25383,3221
25384,3221
25385,3221
25386,3221
25387,3221
25388,3221
25389,3221
25390,3221
25391,3221
25392,3221
25393,3221
25394,3221
25395,3221
25396,3221
25397,3221
25398,3221
25399,3221
25400,3221
25401,3221
25402,3221
25403,3221
25404,3221
25405,3221
25406,3221
25407,3221
25408,3221
25409,3221
25410,3221
25411,3221
25412,3221
25413,3221
25414,3221
25415,3221
25416,3221
25417,3221
25418,3221
25419,3221
25420,3221
25421,3221
25422,3221
25423,3224
25424,3224
25425,3224
25426,3224
25427,3224
25428,3224
25429,3224
25430,3224
25431,3224
25432,3224
25433,3224
25434,3224
25435,3224
25436,3224
25437,3224
25438,3224
25439,3224
25440,3224
25441,3224
25442,3224
25443,3224
25444,3224
25445,3224
25446,3224
25447,3224
25448,3224
25449,3224
25450,3224
25451,3224
25452,3224
25453,3224
25454,3224
25455,3224
25456,3224
25457,3224
25458,3224
25459,3224
25460,3224
25461,3224
25462,3224
25463,3224
25464,3224
25465,3224
25466,3224
25467,3224
25468,3224
25469,3224
25470,3224
25471,3224
25472,3224
25473,3224
25474,3224
25475,3224
25476,3224
25477,3224
25478,3224
25479,3224
25480,3226
25481,3226
25482,3226
25483,3226
25484,3226
25485,3226
25486,3226
25487,3226
25488,3228
25489,3228
25490,3228
25491,3228
25492,3228
25493,3228
25494,3228
25495,3228
25496,3228
25497,3228
25498,3228
25499,3228
25500,3228
25501,3228
25502,3228
25503,3228
25504,3228
25505,3228
25506,3228
25507,3228
25508,3228
25509,3228
25510,3228
25511,3228
25512,3228
25513,3228
25514,3228
25515,3228
25516,3228
25517,3228
25518,3228
25519,3228
25520,3228
25521,3228
25522,3228
25523,3228
25524,3228
25525,3228
25526,3228
25527,3228
25528,3228
25529,3228
25530,3228
25531,3228
25532,3228
25533,3228
25534,3228
25535,3228
25536,3228
25537,3228
25538,3228
25539,3228
25540,3228
25541,3228
25542,3228
25543,3230
25544,3230
25545,3230
25546,3230
25547,3230
25548,3230
25549,3230
25550,3230
25551,3230
25552,3230
25553,3230
25554,3230
25555,3230
25556,3230
25557,3230
25558,3230
25559,3230
25560,3230
25561,3230
25562,3230
25563,3230
25564,3230
25565,3230
25566,3230
25567,3230
25568,3230
25569,3230
25570,3230
25571,3230
25572,3230
25573,3230
25574,3230
25575,3230
25576,3230
25577,3230
25578,3230
25579,3230
25580,3230
25581,3230
25582,3230
25583,3230
25584,3230
25585,3230
25586,3230
25587,3230
25588,3230
25589,3230
25590,3230
25591,3230
25592,3230
25593,3230
25594,3230
25595,3230
25596,3230
25597,3230
25598,3230
25599,3230
25600,3230
25601,3230
25602,3230
25603,3230
25604,3230
25605,3230
25606,3230
25607,3230
25608,3230
25609,3230
25610,3230
25611,3230
25612,3230
25613,3230
25614,3230
25615,3230
25616,3230
25617,3230
25618,3230
25619,3230
25620,3230
25621,3230
25622,3230
25623,3230
25624,3230
25625,3230
25626,3230
25627,3230
25628,3230
25629,3230
25630,3230
25631,3230
25632,3230
25633,3230
25634,3230
25635,3230
25636,3230
25637,3230
25638,3230
25639,3230
25640,3230
25641,3230
25642,3230
25643,3230
25644,3230
25645,3230
25646,3230
25647,3230
25648,3230
25649,3230
25650,3230
25651,3230
25652,3230
25653,3230
25654,3230
25655,3230
25656,3230
25657,3230
25658,3230
25659,3230
25660,3230
25661,3230
25662,3230
25663,3230
25664,3230
25665,3230
25666,3230
25667,3230
25668,3230
25669,3230
25670,3230
25671,3230
25672,3230
25673,3230
25674,3230
25675,3230
25676,3230
25677,3230
25678,3230
25679,3230
25680,3230
25681,3230
25682,3230
25683,3230
25684,3230
25685,3230
25686,3230
25687,3230
25688,3230
25689,3230
25690,3230
25691,3230
25692,3230
25693,3230
25694,3230
25695,3230
25696,3230
25697,3230
25698,3230
25699,3230
25700,3230
25701,3230
25702,3230
25703,3230
25704,3230
25705,3230
25706,3230
25707,3230
25708,3230
25709,3230
25710,3230
25711,3230
25712,3230
25713,3230
25714,3230
25715,3230
25716,3230
25717,3230
25718,3230
25719,3230
25720,3230
25721,3230
25722,3230
25723,3230
25724,3230
25725,3230
25726,3230
25727,3230
25728,3230
25729,3230
25730,3230
25731,3230
25732,3230
25733,3230
25734,3230
25735,3230
25736,3230
25737,3230
25738,3230
25739,3230
25740,3230
25741,3230
25742,3230
25743,3230
25744,3230
25745,3230
25746,3230
25747,3230
25748,3230
25749,3230
25750,3230
25751,3230
25752,3230
25753,3230
25754,3230
25755,3230
25756,3230
25757,3230
25758,3230
25759,3230
25760,3230
25761,3230
25762,3230
25763,3230
25764,3230
25765,3230
25766,3230
25767,3230
25768,3230
25769,3230
25770,3230
25771,3230
25772,3230
25773,3230
25774,3230
25775,3230
25776,3230
25777,3230
25778,3230
25779,3230
25780,3230
25781,3230
25782,3230
25783,3230
25784,3230
25785,3230
25786,3230
25787,3230
25788,3230
25789,3230
25790,3230
25791,3230
25792,3230
25793,3230
25794,3230
25795,3230
25796,3230
25797,3230
25798,3230
25799,3230
25800,3230
25801,3230
25802,3230
25803,3230
25804,3230
25805,3230
25806,3230
25807,3230
25808,3230
25809,3230
25810,3230
25811,3230
25812,3230
25813,3230
25814,3230
25815,3230
25816,3230
25817,3230
25818,3230
25819,3230
25820,3230
25821,3232
25822,3232
25823,3232
25824,3232
25825,3232
25826,3232
25827,3232
25828,3232
25829,3232
25830,3232
25831,3232
25832,3232
25833,3232
25834,3234
25835,3234
25836,3234
25837,3234
25838,3234
25839,3234
25840,3234
25841,3234
25842,3234
25843,3234
25844,3234
25845,3234
25846,3234
25847,3234
25848,3234
25849,3234
25850,3234
25851,3234
25852,3234
25853,3234
25854,3234
25855,3234
25856,3234
25857,3234
25858,3234
25859,3234
25860,3234
25861,3234
25862,3234
25863,3234
25864,3234
25865,3234
25866,3234
25867,3234
25868,3234
25869,3234
25870,3234
25871,3234
25872,3234
25873,3234
25874,3234
25875,3234
25876,3234
25877,3234
25878,3234
25879,3234
25880,3234
25881,3234
25882,3234
25883,3234
25884,3234
25885,3235
25886,3235
25887,3235
25888,3235
25889,3235
25890,3235
25891,3235
25892,3235
25893,3235
25894,3235
25895,3235
25896,3235
25897,3235
25898,3235
25899,3235
25900,3235
25901,3235
25902,3235
25903,3235
25904,3235
25905,3235
25906,3235
25907,3235
25908,3235
25909,3235
25910,3235
25911,3235
25912,3235
25913,3235
25914,3235
25915,3235
25916,3235
25917,3235
25918,3235
25919,3235
25920,3235
25921,3235
25922,3235
25923,3235
25924,3235
25925,3235
25926,3235
25927,3235
25928,3235
25929,3235
25930,3235
25931,3235
25932,3235
25933,3235
25934,3235
25935,3235
25936,3235
25937,3235
25938,3235
25939,3235
25940,3235
25941,3235
25942,3235
25943,3235
25944,3235
25945,3235
25946,3235
25947,3235
25948,3235
25949,3235
25950,3235
25951,3235
25952,3235
25953,3235
25954,3235
25955,3235
25956,3235
25957,3235
25958,3235
25959,3235
25960,3235
25961,3235
25962,3235
25963,3235
25964,3235
25965,3235
25966,3235
25967,3235
25968,3235
25969,3235
25970,3235
25971,3235
25972,3235
25973,3235
25974,3235
25975,3235
25976,3235
25977,3235
25978,3235
25979,3235
25980,3235
25981,3235
25982,3235
25983,3235
25984,3235
25985,3235
25986,3235
25987,3235
25988,3237
25989,3237
25990,3237
25991,3237
25992,3237
25993,3237
25994,3237
25995,3237
25996,3237
25997,3237
25998,3237
25999,3237
26000,3237
26001,3237
26002,3237
26003,3237
26004,3237
26005,3237
26006,3237
26007,3237
26008,3237
26009,3237
26010,3237
26011,3237
26012,3237
26013,3237
26014,3237
26015,3237
26016,3237
26017,3237
26018,3237
26019,3237
26020,3237
26021,3237
26022,3237
26023,3237
26024,3237
26025,3237
26026,3237
26027,3237
26028,3237
26029,3237
26030,3237
26031,3237
26032,3237
26033,3237
26034,3237
26035,3237
26036,3237
26037,3237
26038,3237
26039,3237
26040,3237
26041,3237
26042,3237
26043,3237
26044,3237
26045,3237
26046,3237
26047,3237
26048,3237
26049,3237
26050,3237
26051,3237
26052,3237
26053,3237
26054,3237
26055,3237
26056,3237
26057,3237
26058,3237
26059,3237
26060,3237
26061,3237
26062,3237
26063,3237
26064,3237
26065,3237
26066,3237
26067,3237
26068,3237
26069,3237
26070,3237
26071,3237
26072,3237
26073,3237
26074,3237
26075,3237
26076,3237
26077,3237
26078,3237
26079,3237
26080,3237
26081,3237
26082,3237
26083,3237
26084,3237
26085,3237
26086,3237
26087,3237
26088,3237
26089,3237
26090,3237
26091,3237
26092,3237
26093,3237
26094,3237
26095,3237
26096,3237
26097,3237
26098,3237
26099,3237
26100,3237
26101,3237
26102,3237
26103,3237
26104,3237
26105,3237
26106,3237
26107,3237
26108,3237
26109,3237
26110,3237
26111,3237
26112,3237
26113,3237
26114,3237
26115,3237
26116,3237
26117,3237
26118,3237
26119,3237
26120,3237
26121,3237
26122,3237
26123,3237
26124,3237
26125,3237
26126,3237
26127,3237
26128,3237
26129,3237
26130,3237
26131,3237
26132,3237
26133,3237
26134,3237
26135,3237
26136,3237
26137,3237
26138,3237
26139,3237
26140,3237
26141,3237
26142,3237
26143,3237
26144,3237
26145,3237
26146,3237
26147,3238
26148,3238
26149,3238
26150,3238
26151,3238
26152,3238
26153,3238
26154,3238
26155,3238
26156,3238
26157,3238
26158,3238
26159,3238
26160,3238
26161,3238
26162,3238
26163,3238
26164,3238
26165,3238
26166,3238
26167,3238
26168,3238
26169,3238
26170,3238
26171,3238
26172,3238
26173,3238
26174,3238
26175,3238
26176,3238
26177,3238
26178,3238
26179,3238
26180,3238
26181,3238
26182,3238
26183,3238
26184,3238
26185,3238
26186,3238
26187,3238
26188,3238
26189,3238
26190,3238
26191,3238
26192,3238
26193,3238
26194,3238
26195,3238
26196,3238
26197,3238
26198,3238
26199,3238
26200,3238
26201,3238
26202,3238
26203,3238
26204,3238
26205,3238
26206,3238
26207,3238
26208,3238
26209,3238
26210,3238
26211,3238
26212,3238
26213,3238
26214,3238
26215,3238
26216,3238
26217,3238
26218,3238
26219,3238
26220,3238
26221,3238
26222,3238
26223,3238
26224,3238
26225,3238
26226,3238
26227,3238
26228,3238
26229,3238
26230,3238
26231,3238
26232,3238
26233,3238
26234,3238
26235,3238
26236,3238
26237,3238
26238,3238
26239,3238
26240,3238
26241,3238
26242,3238
26243,3238
26244,3238
26245,3238
26246,3238
26247,3238
26248,3238
26249,3238
26250,3238
26251,3238
26252,3238
26253,3238
26254,3238
26255,3238
26256,3238
26257,3238
26258,3238
26259,3238
26260,3238
26261,3238
26262,3238
26263,3238
26264,3238
26265,3238
26266,3238
26267,3238
26268,3238
26269,3238
26270,3238
26271,3238
26272,3238
26273,3238
26274,3238
26275,3238
26276,3238
26277,3238
26278,3238
26279,3238
26280,3238
26281,3238
26282,3238
26283,3238
26284,3238
26285,3238
26286,3238
26287,3238
26288,3238
26289,3238
26290,3238
26291,3238
26292,3238
26293,3238
26294,3238
26295,3238
26296,3238
26297,3238
26298,3238
26299,3238
26300,3238
26301,3238
26302,3238
26303,3238
26304,3238
26305,3238
26306,3238
26307,3238
26308,3238
26309,3238
26310,3238
26311,3240
26312,3240
26313,3240
26314,3240
26315,3240
26316,3240
26317,3240
26318,3240
26319,3240
26320,3240
26321,3240
26322,3240
26323,3240
26324,3240
26325,3240
26326,3240
26327,3240
26328,3240
26329,3240
26330,3240
26331,3240
26332,3240
26333,3240
26334,3240
26335,3240
26336,3240
26337,3240
26338,3240
26339,3240
26340,3240
26341,3240
26342,3240
26343,3240
26344,3240
26345,3240
26346,3240
26347,3240
26348,3240
26349,3240
26350,3240
26351,3240
26352,3240
26353,3240
26354,3240
26355,3240
26356,3240
26357,3240
26358,3240
26359,3240
26360,3240
26361,3240
26362,3240
26363,3240
26364,3240
26365,3240
26366,3240
26367,3240
26368,3240
26369,3240
26370,3240
26371,3240
26372,3240
26373,3240
26374,3240
26375,3240
26376,3240
26377,3240
26378,3240
26379,3240
26380,3240
26381,3240
26382,3240
26383,3240
26384,3240
26385,3240
26386,3240
26387,3240
26388,3240
26389,3240
26390,3240
26391,3240
26392,3240
26393,3240
26394,3240
26395,3240
26396,3240
26397,3240
26398,3240
26399,3240
26400,3240
26401,3240
26402,3240
26403,3240
26404,3240
26405,3240
26406,3240
26407,3240
26408,3240
26409,3240
26410,3240
26411,3240
26412,3240
26413,3241
26414,3241
26415,3241
26416,3241
26417,3241
26418,3241
26419,3241
26420,3241
26421,3241
26422,3241
26423,3241
26424,3241
26425,3241
26426,3241
26427,3241
26428,3241
26429,3241
26430,3241
26431,3241
26432,3241
26433,3241
26434,3241
26435,3241
26436,3241
26437,3241
26438,3241
26439,3241
26440,3241
26441,3241
26442,3241
26443,3241
26444,3241
26445,3241
26446,3241
26447,3241
26448,3241
26449,3241
26450,3241
26451,3241
26452,3241
26453,3241
26454,3241
26455,3241
26456,3241
26457,3241
26458,3241
26459,3241
26460,3241
26461,3241
26462,3241
26463,3241
26464,3241
26465,3241
26466,3241
26467,3241
26468,3241
26469,3241
26470,3241
26471,3241
26472,3241
26473,3241
26474,3241
26475,3241
26476,3241
26477,3241
26478,3241
26479,3241
26480,3241
26481,3241
26482,3241
26483,3241
26484,3241
26485,3241
26486,3241
26487,3241
26488,3241
26489,3241
26490,3241
26491,3241
26492,3241
26493,3241
26494,3241
26495,3241
26496,3241
26497,3241
26498,3241
26499,3241
26500,3241
26501,3241
26502,3241
26503,3241
26504,3241
26505,3241
26506,3241
26507,3241
26508,3241
26509,3241
26510,3241
26511,3241
26512,3241
26513,3241
26514,3241
26515,3241
26516,3241
26517,3241
26518,3241
26519,3241
26520,3241
26521,3241
26522,3241
26523,3241
26524,3241
26525,3241
26526,3241
26527,3241
26528,3241
26529,3241
26530,3241
26531,3241
26532,3241
26533,3241
26534,3241
26535,3241
26536,3241
26537,3241
26538,3241
26539,3241
26540,3241
26541,3241
26542,3241
26543,3241
26544,3241
26545,3241
26546,3241
26547,3241
26548,3241
26549,3241
26550,3241
26551,3241
26552,3241
26553,3241
26554,3241
26555,3241
26556,3241
26557,3241
26558,3241
26559,3241
26560,3241
26561,3241
26562,3241
26563,3241
26564,3241
26565,3241
26566,3241
26567,3241
26568,3241
26569,3241
26570,3241
26571,3241
26572,3241
26573,3241
26574,3241
26575,3241
26576,3241
26577,3241
26578,3241
26579,3241
26580,3241
26581,3241
26582,3241
26583,3241
26584,3241
26585,3241
26586,3241
26587,3241
26588,3241
26589,3242
26590,3242
26591,3242
26592,3242
26593,3242
26594,3242
26595,3242
26596,3242
26597,3242
26598,3242
26599,3242
26600,3242
26601,3242
26602,3242
26603,3242
26604,3242
26605,3242
26606,3242
26607,3242
26608,3242
26609,3242
26610,3242
26611,3242
26612,3242
26613,3242
26614,3242
26615,3242
26616,3242
26617,3242
26618,3242
26619,3242
26620,3242
26621,3242
26622,3242
26623,3242
26624,3242
26625,3242
26626,3242
26627,3242
26628,3242
26629,3242
26630,3242
26631,3242
26632,3242
26633,3242
26634,3242
26635,3242
26636,3242
26637,3242
26638,3242
26639,3242
26640,3242
26641,3242
26642,3242
26643,3242
26644,3242
26645,3242
26646,3242
26647,3242
26648,3242
26649,3242
26650,3242
26651,3242
26652,3242
26653,3242
26654,3242
26655,3242
26656,3242
26657,3242
26658,3242
26659,3242
26660,3242
26661,3242
26662,3242
26663,3242
26664,3242
26665,3242
26666,3242
26667,3242
26668,3242
26669,3242
26670,3242
26671,3242
26672,3242
26673,3242
26674,3242
26675,3242
26676,3242
26677,3242
26678,3242
26679,3242
26680,3242
26681,3242
26682,3242
26683,3242
26684,3242
26685,3242
26686,3242
26687,3242
26688,3242
26689,3242
26690,3242
26691,3242
26692,3242
26693,3242
26694,3242
26695,3242
26696,3242
26697,3242
26698,3242
26699,3242
26700,3242
26701,3242
26702,3242
26703,3242
26704,3242
26705,3242
26706,3242
26707,3242
26708,3242
26709,3242
26710,3242
26711,3242
26712,3242
26713,3242
26714,3242
26715,3242
26716,3242
26717,3242
26718,3242
26719,3242
26720,3242
26721,3242
26722,3242
26723,3242
26724,3242
26725,3242
26726,3242
26727,3242
26728,3242
26729,3242
26730,3242
26731,3242
26732,3242
26733,3242
26734,3242
26735,3242
26736,3242
26737,3242
26738,3242
26739,3242
26740,3242
26741,3242
26742,3242
26743,3242
26744,3242
26745,3242
26746,3242
26747,3242
26748,3242
26749,3242
26750,3242
26751,3242
26752,3242
26753,3242
26754,3242
26755,3242
26756,3242
26757,3242
26758,3242
26759,3242
26760,3242
26761,3242
26762,3242
26763,3242
26764,3242
26765,3242
26766,3242
26767,3242
26768,3242
26769,3242
26770,3242
26771,3242
26772,3242
26773,3242
26774,3242
26775,3242
26776,3242
26777,3242
26778,3242
26779,3242
26780,3242
26781,3242
26782,3242
26783,3242
26784,3242
26785,3242
26786,3242
26787,3242
26788,3242
26789,3242
26790,3242
26791,3242
26792,3242
26793,3242
26794,3242
26795,3242
26796,3242
26797,3242
26798,3242
26799,3242
26800,3242
26801,3242
26802,3242
26803,3242
26804,3242
26805,3242
26806,3242
26807,3242
26808,3242
26809,3242
26810,3242
26811,3242
26812,3242
26813,3242
26814,3242
26815,3242
26816,3242
26817,3242
26818,3242
26819,3242
26820,3242
26821,3242
26822,3242
26823,3245
26824,3245
26825,3245
26826,3245
26827,3245
26828,3245
26829,3245
26830,3245
26831,3245
26832,3245
26833,3245
26834,3245
26835,3245
26836,3245
26837,3245
26838,3245
26839,3245
26840,3245
26841,3245
26842,3245
26843,3245
26844,3245
26845,3245
26846,3245
26847,3245
26848,3245
26849,3245
26850,3245
26851,3245
26852,3245
26853,3245
26854,3245
26855,3245
26856,3245
26857,3245
26858,3245
26859,3245
26860,3245
26861,3245
26862,3245
26863,3245
26864,3245
26865,3245
26866,3245
26867,3245
26868,3245
26869,3245
26870,3245
26871,3245
26872,3245
26873,3245
26874,3245
26875,3245
26876,3245
26877,3245
26878,3245
26879,3245
26880,3245
26881,3245
26882,3245
26883,3245
26884,3245
26885,3245
26886,3245
26887,3245
26888,3245
26889,3245
26890,3245
26891,3245
26892,3245
26893,3245
26894,3245
26895,3245
26896,3245
26897,3245
26898,3245
26899,3245
26900,3245
26901,3245
26902,3245
26903,3245
26904,3245
26905,3245
26906,3245
26907,3245
26908,3245
26909,3245
26910,3245
26911,3245
26912,3245
26913,3245
26914,3245
26915,3245
26916,3245
26917,3245
26918,3245
26919,3245
26920,3245
26921,3245
26922,3245
26923,3245
26924,3245
26925,3245
26926,3245
26927,3245
26928,3245
26929,3245
26930,3245
26931,3245
26932,3245
26933,3245
26934,3245
26935,3245
26936,3245
26937,3245
26938,3245
26939,3245
26940,3245
26941,3245
26942,3245
26943,3245
26944,3245
26945,3245
26946,3245
26947,3245
26948,3245
26949,3245
26950,3245
26951,3245
26952,3245
26953,3245
26954,3245
26955,3245
26956,3245
26957,3245
26958,3245
26959,3245
26960,3245
26961,3245
26962,3245
26963,3245
26964,3245
26965,3245
26966,3245
26967,3245
26968,3245
26969,3245
26970,3245
26971,3245
26972,3245
26973,3245
26974,3245
26975,3245
26976,3245
26977,3245
26978,3245
26979,3245
26980,3245
26981,3245
26982,3245
26983,3245
26984,3245
26985,3245
26986,3245
26987,3245
26988,3245
26989,3245
26990,3245
26991,3245
26992,3245
26993,3245
26994,3245
26995,3245
26996,3245
26997,3245
26998,3245
26999,3245
27000,3245
27001,3245
27002,3245
27003,3245
27004,3245
27005,3245
27006,3251
27007,3251
27008,3251
27009,3251
27010,3251
27011,3251
27012,3251
27013,3251
27014,3251
27015,3251
27016,3251
27017,3251
27018,3251
27019,3251
27020,3251
27021,3251
27022,3251
27023,3251
27024,3251
27025,3251
27026,3251
27027,3251
27028,3251
27029,3251
27030,3251
27031,3251
27032,3251
27033,3251
27034,3251
27035,3251
27036,3251
27037,3251
27038,3251
27039,3251
27040,3251
27041,3251
27042,3251
27043,3251
27044,3251
27045,3251
27046,3251
27047,3251
27048,3251
27049,3251
27050,3251
27051,3251
27052,3251
27053,3251
27054,3251
27055,3251
27056,3251
27057,3251
27058,3251
27059,3251
27060,3251
27061,3251
27062,3251
27063,3251
27064,3251
27065,3251
27066,3251
27067,3251
27068,3251
27069,3251
27070,3251
27071,3251
27072,3251
27073,3251
27074,3251
27075,3251
27076,3251
27077,3251
27078,3251
27079,3251
27080,3251
27081,3251
27082,3251
27083,3251
27084,3251
27085,3251
27086,3251
27087,3251
27088,3251
27089,3251
27090,3251
27091,3251
27092,3251
27093,3251
27094,3251
27095,3251
27096,3251
27097,3251
27098,3251
27099,3251
27100,3251
27101,3251
27102,3251
27103,3251
27104,3251
27105,3251
27106,3251
27107,3251
27108,3251
27109,3251
27110,3251
27111,3251
27112,3251
27113,3251
27114,3251
27115,3251
27116,3251
27117,3251
27118,3251
27119,3251
27120,3251
27121,3251
27122,3251
27123,3251
27124,3251
27125,3251
27126,3251
27127,3251
27128,3251
27129,3251
27130,3251
27131,3251
27132,3251
27133,3251
27134,3251
27135,3251
27136,3251
27137,3251
27138,3251
27139,3251
27140,3251
27141,3251
27142,3251
27143,3251
27144,3251
27145,3251
27146,3251
27147,3251
27148,3251
27149,3251
27150,3251
27151,3251
27152,3251
27153,3251
27154,3251
27155,3251
27156,3251
27157,3251
27158,3251
27159,3251
27160,3251
27161,3251
27162,3251
27163,3251
27164,3251
27165,3251
27166,3251
27167,3251
27168,3251
27169,3251
27170,3251
27171,3251
27172,3251
27173,3251
27174,3251
27175,3251
27176,3251
27177,3251
27178,3251
27179,3251
27180,3251
27181,3251
27182,3251
27183,3251
27184,3251
27185,3251
27186,3251
27187,3251
27188,3251
27189,3251
27190,3251
27191,3251
27192,3251
27193,3251
27194,3251
27195,3251
27196,3251
27197,3251
27198,3251
27199,3251
27200,3251
27201,3251
27202,3251
27203,3251
27204,3251
27205,3251
27206,3251
27207,3251
27208,3251
27209,3251
27210,3251
27211,3251
27212,3251
27213,3251
27214,3251
27215,3251
27216,3251
27217,3251
27218,3251
27219,3251
27220,3251
27221,3251
27222,3251
27223,3251
27224,3251
27225,3251
27226,3251
27227,3251
27228,3251
27229,3251
27230,3251
27231,3251
27232,3251
27233,3251
27234,3251
27235,3251
27236,3251
27237,3251
27238,3251
27239,3251
27240,3251
27241,3251
27242,3251
27243,3251
27244,3251
27245,3251
27246,3251
27247,3251
27248,3251
27249,3251
27250,3251
27251,3251
27252,3251
27253,3251
27254,3251
27255,3251
27256,3251
27257,3251
27258,3251
27259,3251
27260,3251
27261,3251
27262,3251
27263,3251
27264,3253
27265,3253
27266,3253
27267,3253
27268,3253
27269,3253
27270,3253
27271,3253
27272,3253
27273,3253
27274,3253
27275,3253
27276,3253
27277,3253
27278,3253
27279,3253
27280,3253
27281,3253
27282,3253
27283,3253
27284,3253
27285,3253
27286,3253
27287,3253
27288,3253
27289,3253
27290,3253
27291,3253
27292,3253
27293,3253
27294,3253
27295,3253
27296,3253
27297,3253
27298,3253
27299,3253
27300,3253
27301,3253
27302,3253
27303,3253
27304,3253
27305,3253
27306,3253
27307,3253
27308,3253
27309,3253
27310,3253
27311,3253
27312,3253
27313,3255
27314,3255
27315,3255
27316,3255
27317,3255
27318,3255
27319,3255
27320,3255
27321,3255
27322,3255
27323,3255
27324,3255
27325,3255
27326,3255
27327,3255
27328,3255
27329,3255
27330,3255
27331,3255
27332,3255
27333,3255
27334,3255
27335,3255
27336,3255
27337,3255
27338,3255
27339,3255
27340,3255
27341,3255
27342,3255
27343,3255
27344,3255
27345,3255
27346,3255
27347,3255
27348,3255
27349,3255
27350,3255
27351,3255
27352,3256
27353,3256
27354,3256
27355,3256
27356,3256
27357,3256
27358,3256
27359,3256
27360,3256
27361,3256
27362,3256
27363,3256
27364,3256
27365,3256
27366,3256
27367,3256
27368,3256
27369,3256
27370,3256
27371,3256
27372,3256
27373,3256
27374,3256
27375,3256
27376,3256
27377,3256
27378,3256
27379,3256
27380,3256
27381,3256
27382,3256
27383,3256
27384,3256
27385,3256
27386,3256
27387,3256
27388,3256
27389,3256
27390,3256
27391,3256
27392,3256
27393,3256
27394,3256
27395,3256
27396,3256
27397,3256
27398,3256
27399,3256
27400,3256
27401,3256
27402,3256
27403,3256
27404,3256
27405,3256
27406,3256
27407,3256
27408,3256
27409,3256
27410,3256
27411,3256
27412,3256
27413,3256
27414,3256
27415,3256
27416,3256
27417,3256
27418,3256
27419,3256
27420,3256
27421,3256
27422,3256
27423,3256
27424,3256
27425,3256
27426,3256
27427,3256
27428,3256
27429,3256
27430,3256
27431,3256
27432,3256
27433,3256
27434,3256
27435,3256
27436,3256
27437,3256
27438,3257
27439,3257
27440,3257
27441,3257
27442,3257
27443,3257
27444,3257
27445,3257
27446,3257
27447,3257
27448,3257
27449,3257
27450,3257
27451,3257
27452,3257
27453,3257
27454,3257
27455,3257
27456,3257
27457,3257
27458,3257
27459,3257
27460,3257
27461,3257
27462,3257
27463,3257
27464,3257
27465,3257
27466,3257
27467,3257
27468,3257
27469,3257
27470,3257
27471,3257
27472,3257
27473,3257
27474,3257
27475,3257
27476,3257
27477,3257
27478,3257
27479,3257
27480,3257
27481,3257
27482,3257
27483,3257
27484,3257
27485,3257
27486,3257
27487,3257
27488,3257
27489,3257
27490,3257
27491,3257
27492,3257
27493,3257
27494,3257
27495,3258
27496,3258
27497,3258
27498,3258
27499,3258
27500,3258
27501,3258
27502,3258
27503,3258
27504,3258
27505,3258
27506,3258
27507,3258
27508,3258
27509,3258
27510,3258
27511,3258
27512,3258
27513,3258
27514,3258
27515,3258
27516,3258
27517,3258
27518,3258
27519,3258
27520,3258
27521,3258
27522,3258
27523,3258
27524,3258
27525,3258
27526,3258
27527,3258
27528,3258
27529,3258
27530,3258
27531,3258
27532,3258
27533,3258
27534,3258
27535,3258
27536,3258
27537,3258
27538,3258
27539,3258
27540,3258
27541,3258
27542,3258
27543,3258
27544,3258
27545,3258
27546,3258
27547,3258
27548,3258
27549,3258
27550,3258
27551,3258
27552,3258
27553,3258
27554,3258
27555,3258
27556,3258
27557,3258
27558,3267
27559,3267
27560,3267
27561,3267
27562,3267
27563,3267
27564,3267
27565,3267
27566,3267
27567,3267
27568,3267
27569,3267
27570,3267
27571,3267
27572,3267
27573,3267
27574,3267
27575,3267
27576,3267
27577,3267
27578,3267
27579,3267
27580,3267
27581,3267
27582,3267
27583,3267
27584,3267
27585,3267
27586,3267
27587,3267
27588,3267
27589,3267
27590,3267
27591,3267
27592,3267
27593,3267
27594,3267
27595,3267
27596,3267
27597,3267
27598,3267
27599,3267
27600,3267
27601,3267
27602,3267
27603,3267
27604,3267
27605,3267
27606,3267
27607,3267
27608,3267
27609,3267
27610,3267
27611,3267
27612,3267
27613,3267
27614,3267
27615,3267
27616,3267
27617,3267
27618,3267
27619,3267
27620,3267
27621,3267
27622,3267
27623,3267
27624,3267
27625,3267
27626,3267
27627,3267
27628,3267
27629,3267
27630,3267
27631,3267
27632,3267
27633,3267
27634,3267
27635,3267
27636,3267
27637,3267
27638,3267
27639,3267
27640,3267
27641,3267
27642,3267
27643,3267
27644,3267
27645,3267
27646,3267
27647,3267
27648,3267
27649,3267
27650,3267
27651,3267
27652,3267
27653,3267
27654,3267
27655,3267
27656,3267
27657,3267
27658,3267
27659,3267
27660,3267
27661,3267
27662,3267
27663,3267
27664,3267
27665,3267
27666,3267
27667,3267
27668,3267
27669,3267
27670,3267
27671,3267
27672,3267
27673,3267
27674,3267
27675,3267
27676,3267
27677,3267
27678,3267
27679,3267
27680,3267
27681,3267
27682,3267
27683,3267
27684,3267
27685,3267
27686,3267
27687,3267
27688,3267
27689,3267
27690,3267
27691,3267
27692,3267
27693,3267
27694,3267
27695,3267
27696,3267
27697,3267
27698,3267
27699,3267
27700,3267
27701,3267
27702,3267
27703,3267
27704,3267
27705,3267
27706,3267
27707,3267
27708,3267
27709,3267
27710,3267
27711,3267
27712,3267
27713,3267
27714,3267
27715,3267
27716,3267
27717,3267
27718,3267
27719,3267
27720,3267
27721,3267
27722,3267
27723,3267
27724,3267
27725,3267
27726,3267
27727,3267
27728,3267
27729,3267
27730,3267
27731,3267
27732,3267
27733,3267
27734,3267
27735,3267
27736,3267
27737,3267
27738,3267
27739,3267
27740,3267
27741,3267
27742,3267
27743,3267
27744,3267
27745,3267
27746,3267
27747,3267
27748,3267
27749,3267
27750,3267
27751,3267
27752,3267
27753,3267
27754,3267
27755,3267
27756,3267
27757,3267
27758,3267
27759,3267
27760,3267
27761,3267
27762,3267
27763,3267
27764,3267
27765,3267
27766,3267
27767,3267
27768,3267
27769,3267
27770,3267
27771,3267
27772,3267
27773,3267
27774,3267
27775,3267
27776,3267
27777,3267
27778,3267
27779,3267
27780,3267
27781,3267
27782,3267
27783,3267
27784,3267
27785,3267
27786,3267
27787,3267
27788,3267
27789,3267
27790,3267
27791,3267
27792,3267
27793,3267
27794,3267
27795,3267
27796,3267
27797,3267
27798,3267
27799,3267
27800,3267
27801,3267
27802,3267
27803,3267
27804,3267
27805,3267
27806,3267
27807,3267
27808,3267
27809,3267
27810,3267
27811,3267
27812,3267
27813,3267
27814,3267
27815,3267
27816,3267
27817,3267
27818,3267
27819,3267
27820,3267
27821,3267
27822,3267
27823,3267
27824,3267
27825,3267
27826,3267
27827,3267
27828,3267
27829,3267
27830,3267
27831,3267
27832,3267
27833,3267
27834,3267
27835,3267
27836,3267
27837,3267
27838,3267
27839,3267
27840,3267
27841,3267
27842,3267
27843,3267
27844,3267
27845,3267
27846,3267
27847,3267
27848,3267
27849,3267
27850,3267
27851,3267
27852,3267
27853,3267
27854,3267
27855,3267
27856,3267
27857,3267
27858,3267
27859,3267
27860,3267
27861,3267
27862,3267
27863,3267
27864,3267
27865,3267
27866,3267
27867,3267
27868,3267
27869,3267
27870,3267
27871,3267
27872,3267
27873,3267
27874,3267
27875,3267
27876,3267
27877,3267
27878,3267
27879,3267
27880,3267
27881,3267
27882,3267
27883,3267
27884,3267
27885,3267
27886,3267
27887,3267
27888,3267
27889,3267
27890,3267
27891,3267
27892,3267
27893,3267
27894,3267
27895,3267
27896,3267
27897,3267
27898,3267
27899,3267
27900,3267
27901,3267
27902,3267
27903,3267
27904,3267
27905,3267
27906,3267
27907,3267
27908,3267
27909,3267
27910,3267
27911,3267
27912,3267
27913,3267
27914,3267
27915,3267
27916,3267
27917,3267
27918,3267
27919,3267
27920,3267
27921,3267
27922,3267
27923,3267
27924,3267
27925,3267
27926,3267
27927,3267
27928,3267
27929,3267
27930,3267
27931,3267
27932,3267
27933,3267
27934,3267
27935,3267
27936,3267
27937,3267
27938,3267
27939,3267
27940,3267
27941,3267
27942,3267
27943,3267
27944,3267
27945,3267
27946,3267
27947,3267
27948,3267
27949,3267
27950,3267
27951,3267
27952,3267
27953,3267
27954,3267
27955,3267
27956,3267
27957,3267
27958,3267
27959,3267
27960,3267
27961,3267
27962,3267
27963,3267
27964,3267
27965,3267
27966,3267
27967,3267
27968,3267
27969,3267
27970,3267
27971,3267
27972,3267
27973,3267
27974,3267
27975,3267
27976,3267
27977,3267
27978,3267
27979,3267
27980,3267
27981,3267
27982,3267
27983,3267
27984,3267
27985,3267
27986,3267
27987,3267
27988,3267
27989,3267
27990,3267
27991,3267
27992,3267
27993,3267
27994,3267
27995,3267
27996,3267
27997,3267
27998,3267
27999,3267
28000,3267
28001,3267
28002,3267
28003,3267
28004,3267
28005,3267
28006,3267
28007,3267
28008,3267
28009,3267
28010,3267
28011,3267
28012,3267
28013,3267
28014,3267
28015,3267
28016,3267
28017,3267
28018,3267
28019,3267
28020,3267
28021,3267
28022,3267
28023,3267
28024,3267
28025,3267
28026,3267
28027,3267
28028,3267
28029,3267
28030,3267
28031,3267
28032,3267
28033,3267
28034,3267
28035,3267
28036,3267
28037,3267
28038,3267
28039,3267
28040,3267
28041,3267
28042,3267
28043,3267
28044,3267
28045,3267
28046,3267
28047,3267
28048,3267
28049,3267
28050,3267
28051,3267
28052,3267
28053,3267
28054,3267
28055,3267
28056,3267
28057,3267
28058,3267
28059,3267
28060,3267
28061,3267
28062,3267
28063,3267
28064,3267
28065,3267
28066,3267
28067,3267
28068,3267
28069,3267
28070,3267
28071,3267
28072,3267
28073,3267
28074,3267
28075,3267
28076,3267
28077,3267
28078,3267
28079,3267
28080,3267
28081,3267
28082,3267
28083,3267
28084,3267
28085,3267
28086,3267
28087,3267
28088,3267
28089,3267
28090,3267
28091,3267
28092,3267
28093,3267
28094,3267
28095,3267
28096,3267
28097,3267
28098,3267
28099,3267
28100,3267
28101,3267
28102,3267
28103,3267
28104,3267
28105,3267
28106,3267
28107,3267
28108,3267
28109,3267
28110,3267
28111,3267
28112,3267
28113,3267
28114,3267
28115,3267
28116,3267
28117,3267
28118,3267
28119,3267
28120,3267
28121,3267
28122,3267
28123,3267
28124,3267
28125,3267
28126,3267
28127,3267
28128,3267
28129,3267
28130,3267
28131,3267
28132,3267
28133,3267
28134,3267
28135,3267
28136,3267
28137,3267
28138,3267
28139,3267
28140,3267
28141,3267
28142,3267
28143,3267
28144,3267
28145,3267
28146,3267
28147,3267
28148,3267
28149,3267
28150,3267
28151,3267
28152,3267
28153,3267
28154,3267
28155,3267
28156,3267
28157,3267
28158,3267
28159,3267
28160,3267
28161,3267
28162,3267
28163,3267
28164,3267
28165,3267
28166,3267
28167,3267
28168,3267
28169,3267
28170,3267
28171,3267
28172,3267
28173,3267
28174,3267
28175,3267
28176,3267
28177,3267
28178,3267
28179,3267
28180,3267
28181,3267
28182,3267
28183,3267
28184,3267
28185,3267
28186,3267
28187,3267
28188,3267
28189,3267
28190,3267
28191,3267
28192,3267
28193,3267
28194,3267
28195,3267
28196,3267
28197,3267
28198,3267
28199,3267
28200,3267
28201,3267
28202,3267
28203,3267
28204,3267
28205,3267
28206,3267
28207,3267
28208,3267
28209,3267
28210,3267
28211,3267
28212,3267
28213,3267
28214,3267
28215,3267
28216,3267
28217,3267
28218,3267
28219,3267
28220,3267
28221,3267
28222,3267
28223,3267
28224,3267
28225,3267
28226,3267
28227,3267
28228,3267
28229,3267
28230,3267
28231,3267
28232,3267
28233,3267
28234,3267
28235,3267
28236,3267
28237,3267
28238,3267
28239,3267
28240,3267
28241,3267
28242,3267
28243,3267
28244,3267
28245,3267
28246,3267
28247,3267
28248,3267
28249,3267
28250,3267
28251,3267
28252,3267
28253,3267
28254,3267
28255,3267
28256,3267
28257,3267
28258,3267
28259,3267
28260,3267
28261,3267
28262,3267
28263,3267
28264,3267
28265,3267
28266,3267
28267,3267
28268,3267
28269,3267
28270,3267
28271,3267
28272,3267
28273,3267
28274,3267
28275,3267
28276,3267
28277,3267
28278,3267
28279,3267
28280,3267
28281,3267
28282,3267
28283,3267
28284,3267
28285,3267
28286,3267
28287,3267
28288,3267
28289,3267
28290,3267
28291,3267
28292,3267
28293,3267
28294,3267
28295,3267
28296,3267
28297,3267
28298,3267
28299,3267
28300,3267
28301,3267
28302,3267
28303,3267
28304,3267
28305,3267
28306,3267
28307,3267
28308,3267
28309,3267
28310,3267
28311,3267
28312,3267
28313,3267
28314,3267
28315,3267
28316,3267
28317,3267
28318,3267
28319,3267
28320,3267
28321,3267
28322,3267
28323,3267
28324,3267
28325,3267
28326,3267
28327,3267
28328,3267
28329,3267
28330,3267
28331,3267
28332,3267
28333,3267
28334,3267
28335,3267
28336,3267
28337,3267
28338,3267
28339,3267
28340,3267
28341,3267
28342,3267
28343,3267
28344,3267
28345,3267
28346,3267
28347,3267
28348,3267
28349,3267
28350,3267
28351,3267
28352,3267
28353,3267
28354,3267
28355,3267
28356,3267
28357,3267
28358,3267
28359,3267
28360,3267
28361,3267
28362,3267
28363,3267
28364,3267
28365,3275
28366,3275
28367,3275
28368,3275
28369,3275
28370,3275
28371,3275
28372,3275
28373,3275
28374,3275
28375,3275
28376,3275
28377,3275
28378,3275
28379,3275
28380,3275
28381,3275
28382,3275
28383,3275
28384,3275
28385,3275
28386,3275
28387,3275
28388,3275
28389,3275
28390,3275
28391,3275
28392,3275
28393,3275
28394,3275
28395,3275
28396,3275
28397,3275
28398,3275
28399,3275
28400,3275
28401,3275
28402,3275
28403,3275
28404,3275
28405,3275
28406,3275
28407,3275
28408,3275
28409,3275
28410,3275
28411,3275
28412,3275
28413,3275
28414,3275
28415,3275
28416,3275
28417,3275
28418,3275
28419,3275
28420,3275
28421,3275
28422,3275
28423,3275
28424,3275
28425,3275
28426,3275
28427,3275
28428,3275
28429,3275
28430,3275
28431,3275
28432,3275
28433,3275
28434,3275
28435,3275
28436,3275
28437,3275
28438,3275
28439,3275
28440,3275
28441,3275
28442,3275
28443,3275
28444,3275
28445,3275
28446,3275
28447,3275
28448,3275
28449,3275
28450,3275
28451,3275
28452,3275
28453,3275
28454,3275
28455,3275
28456,3275
28457,3275
28458,3275
28459,3275
28460,3275
28461,3275
28462,3275
28463,3275
28464,3275
28465,3275
28466,3275
28467,3275
28468,3275
28469,3275
28470,3275
28471,3275
28472,3275
28473,3275
28474,3275
28475,3275
28476,3275
28477,3275
28478,3275
28479,3275
28480,3275
28481,3275
28482,3275
28483,3275
28484,3275
28485,3275
28486,3275
28487,3275
28488,3275
28489,3275
28490,3275
28491,3275
28492,3275
28493,3275
28494,3275
28495,3275
28496,3275
28497,3275
28498,3275
28499,3275
28500,3275
28501,3275
28502,3275
28503,3275
28504,3275
28505,3275
28506,3275
28507,3275
28508,3275
28509,3275
28510,3275
28511,3275
28512,3275
28513,3275
28514,3275
28515,3275
28516,3275
28517,3275
28518,3275
28519,3275
28520,3275
28521,3275
28522,3275
28523,3275
28524,3275
28525,3275
28526,3275
28527,3275
28528,3275
28529,3275
28530,3275
28531,3275
28532,3275
28533,3275
28534,3275
28535,3275
28536,3275
28537,3275
28538,3275
28539,3275
28540,3275
28541,3275
28542,3275
28543,3275
28544,3275
28545,3275
28546,3275
28547,3275
28548,3275
28549,3275
28550,3275
28551,3275
28552,3275
28553,3275
28554,3275
28555,3275
28556,3275
28557,3275
28558,3275
28559,3275
28560,3275
28561,3275
28562,3275
28563,3275
28564,3275
28565,3275
28566,3275
28567,3275
28568,3275
28569,3275
28570,3275
28571,3275
28572,3275
28573,3275
28574,3275
28575,3275
28576,3275
28577,3275
28578,3275
28579,3275
28580,3275
28581,3275
28582,3275
28583,3275
28584,3275
28585,3275
28586,3275
28587,3275
28588,3275
28589,3275
28590,3275
28591,3275
28592,3275
28593,3275
28594,3275
28595,3275
28596,3275
28597,3275
28598,3275
28599,3275
28600,3275
28601,3275
28602,3275
28603,3275
28604,3275
28605,3275
28606,3275
28607,3275
28608,3275
28609,3275
28610,3275
28611,3275
28612,3275
28613,3275
28614,3275
28615,3275
28616,3275
28617,3275
28618,3275
28619,3275
28620,3275
28621,3275
28622,3275
28623,3275
28624,3275
28625,3275
28626,3275
28627,3275
28628,3275
28629,3275
28630,3275
28631,3275
28632,3275
28633,3275
28634,3275
28635,3275
28636,3275
28637,3275
28638,3275
28639,3275
28640,3275
28641,3275
28642,3275
28643,3275
28644,3275
28645,3275
28646,3275
28647,3275
28648,3275
28649,3275
28650,3275
28651,3275
28652,3275
28653,3275
28654,3275
28655,3275
28656,3275
28657,3275
28658,3275
28659,3275
28660,3275
28661,3275
28662,3275
28663,3275
28664,3275
28665,3275
28666,3275
28667,3275
28668,3275
28669,3275
28670,3275
28671,3275
28672,3275
28673,3275
28674,3275
28675,3275
28676,3275
28677,3275
28678,3275
28679,3275
28680,3275
28681,3275
28682,3275
28683,3275
28684,3275
28685,3275
28686,3275
28687,3275
28688,3275
28689,3275
28690,3275
28691,3275
28692,3275
28693,3275
28694,3275
28695,3275
28696,3275
28697,3275
28698,3275
28699,3275
28700,3275
28701,3275
28702,3275
28703,3275
28704,3275
28705,3275
28706,3275
28707,3275
28708,3275
28709,3275
28710,3275
28711,3275
28712,3275
28713,3275
28714,3275
28715,3275
28716,3275
28717,3275
28718,3275
28719,3275
28720,3275
28721,3275
28722,3275
28723,3275
28724,3275
28725,3275
28726,3275
28727,3275
28728,3275
28729,3275
28730,3275
28731,3275
28732,3275
28733,3275
28734,3275
28735,3275
28736,3275
28737,3275
28738,3275
28739,3275
28740,3275
28741,3275
28742,3275
28743,3275
28744,3275
28745,3275
28746,3275
28747,3275
28748,3275
28749,3275
28750,3275
28751,3275
28752,3275
28753,3275
28754,3275
28755,3275
28756,3275
28757,3275
28758,3275
28759,3275
28760,3275
28761,3275
28762,3275
28763,3275
28764,3275
28765,3275
28766,3275
28767,3275
28768,3275
28769,3275
28770,3275
28771,3275
28772,3275
28773,3275
28774,3275
28775,3275
28776,3275
28777,3275
28778,3275
28779,3275
28780,3275
28781,3275
28782,3275
28783,3275
28784,3275
28785,3275
28786,3275
28787,3275
28788,3275
28789,3275
28790,3275
28791,3275
28792,3275
28793,3275
28794,3275
28795,3279
28796,3281
28797,3281
28798,3281
28799,3281
28800,3281
28801,3281
28802,3281
28803,3281
28804,3281
28805,3281
28806,3281
28807,3281
28808,3281
28809,3281
28810,3281
28811,3281
28812,3281
28813,3281
28814,3281
28815,3281
28816,3281
28817,3281
28818,3281
28819,3281
28820,3281
28821,3281
28822,3281
28823,3281
28824,3281
28825,3281
28826,3281
28827,3281
28828,3281
28829,3281
28830,3281
28831,3281
28832,3281
28833,3281
28834,3281
28835,3281
28836,3281
28837,3281
28838,3281
28839,3281
28840,3281
28841,3281
28842,3281
28843,3281
28844,3281
28845,3281
28846,3281
28847,3281
28848,3281
28849,3281
28850,3281
28851,3281
28852,3281
28853,3281
28854,3281
28855,3281
28856,3281
28857,3281
28858,3281
28859,3281
28860,3281
28861,3281
28862,3281
28863,3281
28864,3281
28865,3281
28866,3281
28867,3281
28868,3281
28869,3281
28870,3281
28871,3281
28872,3281
28873,3281
28874,3281
28875,3281
28876,3281
28877,3281
28878,3281
28879,3281
28880,3281
28881,3281
28882,3281
28883,3281
28884,3281
28885,3281
28886,3281
28887,3281
28888,3281
28889,3281
28890,3281
28891,3281
28892,3281
28893,3281
28894,3281
28895,3281
28896,3281
28897,3281
28898,3281
28899,3281
28900,3281
28901,3281
28902,3281
28903,3281
28904,3281
28905,3281
28906,3281
28907,3281
28908,3281
28909,3281
28910,3281
28911,3281
28912,3281
28913,3281
28914,3281
28915,3281
28916,3281
28917,3281
28918,3281
28919,3281
28920,3281
28921,3281
28922,3281
28923,3281
28924,3281
28925,3281
28926,3281
28927,3281
28928,3281
28929,3281
28930,3281
28931,3281
28932,3281
28933,3281
28934,3281
28935,3281
28936,3281
28937,3281
28938,3281
28939,3281
28940,3281
28941,3281
28942,3281
28943,3281
28944,3281
28945,3281
28946,3281
28947,3281
28948,3281
28949,3281
28950,3281
28951,3281
28952,3281
28953,3281
28954,3281
28955,3281
28956,3281
28957,3281
28958,3281
28959,3281
28960,3281
28961,3281
28962,3281
28963,3281
28964,3281
28965,3281
28966,3281
28967,3281
28968,3281
28969,3281
28970,3281
28971,3281
28972,3281
28973,3281
28974,3281
28975,3281
28976,3281
28977,3281
28978,3281
28979,3281
28980,3281
28981,3281
28982,3281
28983,3281
28984,3281
28985,3281
28986,3281
28987,3281
28988,3281
28989,3281
28990,3281
28991,3281
28992,3281
28993,3281
28994,3281
28995,3281
28996,3281
28997,3281
28998,3281
28999,3281
29000,3281
29001,3281
29002,3281
29003,3281
29004,3281
29005,3281
29006,3281
29007,3281
29008,3281
29009,3281
29010,3281
29011,3281
29012,3281
29013,3281
29014,3281
29015,3281
29016,3281
29017,3281
29018,3281
29019,3281
29020,3281
29021,3281
29022,3281
29023,3281
29024,3281
29025,3281
29026,3281
29027,3281
29028,3281
29029,3281
29030,3281
29031,3281
29032,3281
29033,3281
29034,3281
29035,3281
29036,3290
29037,3290
29038,3290
29039,3290
29040,3290
29041,3290
29042,3290
29043,3290
29044,3290
29045,3290
29046,3290
29047,3290
29048,3290
29049,3290
29050,3290
29051,3290
29052,3290
29053,3290
29054,3290
29055,3290
29056,3290
29057,3290
29058,3290
29059,3290
29060,3290
29061,3290
29062,3290
29063,3290
29064,3290
29065,3290
29066,3290
29067,3290
29068,3290
29069,3290
29070,3290
29071,3290
29072,3290
29073,3290
29074,3290
29075,3290
29076,3290
29077,3290
29078,3290
29079,3290
29080,3290
29081,3290
29082,3290
29083,3290
29084,3290
29085,3290
29086,3290
29087,3290
29088,3290
29089,3290
29090,3290
29091,3290
29092,3290
29093,3290
29094,3290
29095,3290
29096,3290
29097,3290
29098,3290
29099,3290
29100,3290
29101,3290
29102,3290
29103,3290
29104,3290
29105,3290
29106,3290
29107,3290
29108,3290
29109,3290
29110,3290
29111,3290
29112,3290
29113,3290
29114,3290
29115,3290
29116,3290
29117,3290
29118,3290
29119,3290
29120,3290
29121,3290
29122,3290
29123,3290
29124,3290
29125,3290
29126,3290
29127,3290
29128,3290
29129,3290
29130,3290
29131,3290
29132,3290
29133,3290
29134,3290
29135,3290
29136,3290
29137,3290
29138,3290
29139,3290
29140,3290
29141,3290
29142,3290
29143,3290
29144,3290
29145,3290
29146,3290
29147,3290
29148,3290
29149,3290
29150,3290
29151,3290
29152,3290
29153,3290
29154,3290
29155,3290
29156,3290
29157,3290
29158,3290
29159,3290
29160,3290
29161,3290
29162,3290
29163,3290
29164,3290
29165,3290
29166,3290
29167,3290
29168,3290
29169,3290
29170,3290
29171,3290
29172,3290
29173,3290
29174,3290
29175,3290
29176,3290
29177,3290
29178,3290
29179,3290
29180,3290
29181,3290
29182,3290
29183,3290
29184,3290
29185,3290
29186,3290
29187,3290
29188,3290
29189,3290
29190,3290
29191,3290
29192,3290
29193,3290
29194,3290
29195,3290
29196,3290
29197,3290
29198,3290
29199,3290
29200,3290
29201,3290
29202,3290
29203,3290
29204,3290
29205,3290
29206,3290
29207,3290
29208,3290
29209,3290
29210,3290
29211,3290
29212,3290
29213,3290
29214,3290
29215,3290
29216,3290
29217,3290
29218,3290
29219,3290
29220,3290
29221,3290
29222,3290
29223,3290
29224,3290
29225,3290
29226,3290
29227,3290
29228,3290
29229,3290
29230,3290
29231,3290
29232,3290
29233,3290
29234,3290
29235,3290
29236,3290
29237,3290
29238,3290
29239,3290
29240,3290
29241,3290
29242,3290
29243,3290
29244,3290
29245,3290
29246,3290
29247,3290
29248,3290
29249,3290
29250,3290
29251,3290
29252,3319
29253,3319
29254,3319
29255,3319
29256,3319
29257,3319
29258,3319
29259,3319
29260,3319
29261,3319
29262,3319
29263,3319
29264,3319
29265,3319
29266,3319
29267,3319
29268,3319
29269,3319
29270,3319
29271,3319
29272,3319
29273,3319
29274,3319
29275,3319
29276,3319
29277,3319
29278,3319
29279,3319
29280,3319
29281,3319
29282,3319
29283,3319
29284,3319
29285,3319
29286,3319
29287,3319
29288,3319
29289,3319
29290,3319
29291,3319
29292,3319
29293,3319
29294,3319
29295,3319
29296,3319
29297,3319
29298,3319
29299,3319
29300,3319
29301,3319
29302,3319
29303,3319
29304,3319
29305,3319
29306,3319
29307,3319
29308,3319
29309,3319
29310,3319
29311,3319
29312,3319
29313,3319
29314,3319
29315,3319
29316,3319
29317,3319
29318,3319
29319,3319
29320,3319
29321,3319
29322,3319
29323,3319
29324,3319
29325,3319
29326,3319
29327,3319
29328,3319
29329,3319
29330,3319
29331,3319
29332,3319
29333,3319
29334,3319
29335,3319
29336,3319
29337,3319
29338,3319
29339,3319
29340,3319
29341,3319
29342,3319
29343,3319
29344,3319
29345,3319
29346,3319
29347,3319
29348,3319
29349,3319
29350,3319
29351,3319
29352,3319
29353,3319
29354,3319
29355,3319
29356,3319
29357,3319
29358,3319
29359,3319
29360,3319
29361,3319
29362,3319
29363,3319
29364,3319
29365,3319
29366,3319
29367,3319
29368,3319
29369,3319
29370,3319
29371,3319
29372,3319
29373,3319
29374,3319
29375,3319
29376,3319
29377,3319
29378,3319
29379,3319
29380,3319
29381,3319
29382,3319
29383,3319
29384,3319
29385,3319
29386,3319
29387,3319
29388,3319
29389,3319
29390,3319
29391,3319
29392,3319
29393,3319
29394,3319
29395,3319
29396,3319
29397,3319
29398,3319
29399,3319
29400,3319
29401,3319
29402,3319
29403,3319
29404,3319
29405,3319
29406,3319
29407,3319
29408,3319
29409,3319
29410,3319
29411,3319
29412,3319
29413,3319
29414,3319
29415,3319
29416,3319
29417,3319
29418,3319
29419,3319
29420,3319
29421,3319
29422,3319
29423,3319
29424,3319
29425,3319
29426,3319
29427,3319
29428,3319
29429,3319
29430,3319
29431,3319
29432,3319
29433,3319
29434,3319
29435,3319
29436,3319
29437,3319
29438,3319
29439,3319
29440,3319
29441,3319
29442,3319
29443,3319
29444,3319
29445,3319
29446,3319
29447,3319
29448,3319
29449,3319
29450,3319
29451,3319
29452,3319
29453,3319
29454,3319
29455,3319
29456,3319
29457,3319
29458,3319
29459,3319
29460,3319
29461,3319
29462,3319
29463,3319
29464,3319
29465,3319
29466,3319
29467,3319
29468,3319
29469,3319
29470,3319
29471,3319
29472,3319
29473,3319
29474,3319
29475,3319
29476,3319
29477,3319
29478,3319
29479,3319
29480,3319
29481,3319
29482,3319
29483,3319
29484,3319
29485,3320
29486,3320
29487,3320
29488,3320
29489,3320
29490,3320
29491,3320
29492,3320
29493,3320
29494,3320
29495,3320
29496,3320
29497,3320
29498,3320
29499,3320
29500,3320
29501,3320
29502,3320
29503,3320
29504,3320
29505,3320
29506,3320
29507,3320
29508,3320
29509,3320
29510,3320
29511,3320
29512,3320
29513,3320
29514,3320
29515,3320
29516,3320
29517,3320
29518,3320
29519,3320
29520,3320
29521,3320
29522,3320
29523,3320
29524,3320
29525,3320
29526,3320
29527,3320
29528,3320
29529,3320
29530,3320
29531,3320
29532,3320
29533,3320
29534,3320
29535,3320
29536,3320
29537,3320
29538,3320
29539,3320
29540,3320
29541,3320
29542,3320
29543,3320
29544,3322
29545,3322
29546,3322
29547,3322
29548,3322
29549,3322
29550,3322
29551,3322
29552,3322
29553,3322
29554,3322
29555,3322
29556,3322
29557,3322
29558,3322
29559,3322
29560,3322
29561,3322
29562,3322
29563,3322
29564,3322
29565,3322
29566,3322
29567,3322
29568,3322
29569,3322
29570,3322
29571,3322
29572,3322
29573,3322
29574,3322
29575,3322
29576,3322
29577,3322
29578,3322
29579,3322
29580,3322
29581,3322
29582,3322
29583,3322
29584,3322
29585,3322
29586,3322
29587,3322
29588,3322
29589,3322
29590,3322
29591,3322
29592,3322
29593,3322
29594,3322
29595,3322
29596,3322
29597,3322
29598,3322
29599,3322
29600,3322
29601,3322
29602,3322
29603,3322
29604,3322
29605,3322
29606,3322
29607,3322
29608,3322
29609,3322
29610,3322
29611,3322
29612,3322
29613,3322
29614,3322
29615,3322
29616,3322
29617,3322
29618,3322
29619,3322
29620,3322
29621,3322
29622,3322
29623,3322
29624,3322
29625,3322
29626,3322
29627,3322
29628,3322
29629,3322
29630,3322
29631,3322
29632,3322
29633,3322
29634,3322
29635,3322
29636,3322
29637,3322
29638,3322
29639,3322
29640,3322
29641,3322
29642,3322
29643,3322
29644,3322
29645,3322
29646,3322
29647,3322
29648,3322
29649,3322
29650,3322
29651,3322
29652,3322
29653,3322
29654,3322
29655,3322
29656,3322
29657,3322
29658,3322
29659,3322
29660,3322
29661,3322
29662,3322
29663,3322
29664,3322
29665,3322
29666,3322
29667,3322
29668,3322
29669,3322
29670,3322
29671,3322
29672,3322
29673,3322
29674,3322
29675,3322
29676,3322
29677,3322
29678,3322
29679,3322
29680,3322
29681,3322
29682,3322
29683,3325
29684,3325
29685,3325
29686,3325
29687,3325
29688,3325
29689,3325
29690,3325
29691,3325
29692,3325
29693,3325
29694,3325
29695,3325
29696,3325
29697,3325
29698,3325
29699,3325
29700,3325
29701,3325
29702,3325
29703,3325
29704,3325
29705,3325
29706,3325
29707,3325
29708,3325
29709,3325
29710,3325
29711,3325
29712,3325
29713,3325
29714,3325
29715,3325
29716,3325
29717,3325
29718,3325
29719,3325
29720,3325
29721,3325
29722,3325
29723,3325
29724,3325
29725,3325
29726,3325
29727,3325
29728,3325
29729,3325
29730,3325
29731,3325
29732,3325
29733,3325
29734,3325
29735,3325
29736,3325
29737,3325
29738,3325
29739,3325
29740,3325
29741,3325
29742,3325
29743,3325
29744,3325
29745,3325
29746,3325
29747,3325
29748,3325
29749,3325
29750,3325
29751,3325
29752,3325
29753,3325
29754,3325
29755,3325
29756,3325
29757,3325
29758,3325
29759,3325
29760,3325
29761,3327
29762,3327
29763,3327
29764,3327
29765,3327
29766,3327
29767,3327
29768,3327
29769,3327
29770,3327
29771,3327
29772,3327
29773,3327
29774,3327
29775,3327
29776,3327
29777,3327
29778,3327
29779,3327
29780,3327
29781,3327
29782,3327
29783,3327
29784,3327
29785,3327
29786,3327
29787,3327
29788,3327
29789,3327
29790,3327
29791,3327
29792,3327
29793,3327
29794,3327
29795,3327
29796,3327
29797,3327
29798,3327
29799,3327
29800,3327
29801,3327
29802,3327
29803,3327
29804,3327
29805,3327
29806,3327
29807,3327
29808,3327
29809,3327
29810,3327
29811,3327
29812,3327
29813,3327
29814,3327
29815,3327
29816,3327
29817,3327
29818,3327
29819,3327
29820,3327
29821,3327
29822,3327
29823,3327
29824,3327
29825,3327
29826,3327
29827,3327
29828,3327
29829,3327
29830,3327
29831,3327
29832,3327
29833,3327
29834,3327
29835,3327
29836,3327
29837,3327
29838,3327
29839,3327
29840,3327
29841,3327
29842,3327
29843,3327
29844,3327
29845,3327
29846,3327
29847,3327
29848,3327
29849,3327
29850,3327
29851,3327
29852,3327
29853,3327
29854,3327
29855,3327
29856,3327
29857,3327
29858,3327
29859,3327
29860,3327
29861,3327
29862,3327
29863,3327
29864,3327
29865,3327
29866,3327
29867,3327
29868,3327
29869,3327
29870,3327
29871,3327
29872,3327
29873,3327
29874,3327
29875,3327
29876,3327
29877,3327
29878,3327
29879,3327
29880,3327
29881,3327
29882,3327
29883,3327
29884,3327
29885,3327
29886,3327
29887,3327
29888,3327
29889,3327
29890,3327
29891,3327
29892,3327
29893,3327
29894,3327
29895,3327
29896,3327
29897,3327
29898,3327
29899,3327
29900,3327
29901,3327
29902,3327
29903,3327
29904,3327
29905,3327
29906,3327
29907,3327
29908,3327
29909,3327
29910,3327
29911,3327
29912,3327
29913,3327
29914,3327
29915,3327
29916,3327
29917,3327
29918,3327
29919,3327
29920,3327
29921,3327
29922,3327
29923,3327
29924,3327
29925,3327
29926,3327
29927,3327
29928,3327
29929,3327
29930,3327
29931,3327
29932,3327
29933,3327
29934,3327
29935,3327
29936,3327
29937,3327
29938,3327
29939,3327
29940,3327
29941,3327
29942,3327
29943,3327
29944,3327
29945,3327
29946,3327
29947,3327
29948,3327
29949,3327
29950,3327
29951,3327
29952,3327
29953,3327
29954,3327
29955,3327
29956,3327
29957,3327
29958,3327
29959,3327
29960,3327
29961,3327
29962,3327
29963,3327
29964,3327
29965,3327
29966,3327
29967,3327
29968,3327
29969,3327
29970,3327
29971,3327
29972,3327
29973,3327
29974,3327
29975,3327
29976,3327
29977,3327
29978,3327
29979,3327
29980,3327
29981,3327
29982,3327
29983,3327
29984,3327
29985,3327
29986,3327
29987,3327
29988,3327
29989,3327
29990,3327
29991,3327
29992,3327
29993,3327
29994,3327
29995,3327
29996,3327
29997,3327
29998,3327
29999,3327
30000,3327
30001,3327
30002,3327
30003,3327
30004,3327
30005,3327
30006,3327
30007,3327
30008,3327
30009,3327
30010,3327
30011,3327
30012,3327
30013,3327
30014,3327
30015,3327
30016,3327
30017,3327
30018,3327
30019,3327
30020,3327
30021,3327
30022,3327
30023,3327
30024,3327
30025,3327
30026,3327
30027,3327
30028,3327
30029,3327
30030,3327
30031,3327
30032,3327
30033,3327
30034,3327
30035,3327
30036,3327
30037,3327
30038,3327
30039,3327
30040,3327
30041,3327
30042,3327
30043,3327
30044,3327
30045,3327
30046,3327
30047,3327
30048,3327
30049,3327
30050,3327
30051,3327
30052,3327
30053,3327
30054,3327
30055,3327
30056,3327
30057,3327
30058,3327
30059,3327
30060,3327
30061,3327
30062,3327
30063,3327
30064,3327
30065,3327
30066,3327
30067,3327
30068,3327
30069,3327
30070,3327
30071,3327
30072,3327
30073,3327
30074,3327
30075,3327
30076,3327
30077,3327
30078,3327
30079,3327
30080,3327
30081,3327
30082,3327
30083,3327
30084,3327
30085,3327
30086,3327
30087,3327
30088,3327
30089,3327
30090,3327
30091,3327
30092,3327
30093,3327
30094,3327
30095,3327
30096,3327
30097,3327
30098,3327
30099,3327
30100,3327
30101,3327
30102,3327
30103,3327
30104,3327
30105,3327
30106,3327
30107,3327
30108,3327
30109,3327
30110,3327
30111,3327
30112,3327
30113,3327
30114,3327
30115,3327
30116,3327
30117,3327
30118,3327
30119,3327
30120,3327
30121,3327
30122,3327
30123,3327
30124,3327
30125,3327
30126,3327
30127,3327
30128,3327
30129,3327
30130,3327
30131,3327
30132,3327
30133,3327
30134,3327
30135,3327
30136,3327
30137,3327
30138,3327
30139,3327
30140,3327
30141,3327
30142,3327
30143,3345
30144,3345
30145,3345
30146,3345
30147,3345
30148,3345
30149,3345
30150,3345
30151,3345
30152,3345
30153,3345
30154,3345
30155,3345
30156,3345
30157,3345
30158,3345
30159,3345
30160,3345
30161,3345
30162,3345
30163,3345
30164,3345
30165,3345
30166,3345
30167,3345
30168,3345
30169,3345
30170,3345
30171,3345
30172,3345
30173,3345
30174,3345
30175,3345
30176,3352
30177,3352
30178,3352
30179,3352
30180,3352
30181,3352
30182,3352
30183,3352
30184,3352
30185,3352
30186,3352
30187,3352
30188,3352
30189,3352
30190,3352
30191,3352
30192,3352
30193,3352
30194,3352
30195,3352
30196,3352
30197,3352
30198,3352
30199,3352
30200,3352
30201,3352
30202,3352
30203,3352
30204,3352
30205,3352
30206,3352
30207,3352
30208,3352
30209,3352
30210,3352
30211,3356
30212,3356
30213,3356
30214,3356
30215,3356
30216,3356
30217,3356
30218,3356
30219,3356
30220,3356
30221,3356
30222,3356
30223,3356
30224,3356
30225,3356
30226,3356
30227,3356
30228,3356
30229,3356
30230,3356
30231,3356
30232,3356
30233,3356
30234,3356
30235,3356
30236,3356
30237,3356
30238,3356
30239,3356
30240,3356
30241,3356
30242,3356
30243,3356
30244,3356
30245,3356
30246,3356
30247,3356
30248,3356
30249,3356
30250,3356
30251,3356
30252,3356
30253,3356
30254,3356
30255,3356
30256,3356
30257,3356
30258,3356
30259,3356
30260,3356
30261,3356
30262,3356
30263,3356
30264,3356
30265,3356
30266,3356
30267,3356
30268,3356
30269,3356
30270,3356
30271,3356
30272,3356
30273,3356
30274,3356
30275,3356
30276,3356
30277,3356
30278,3356
30279,3356
30280,3356
30281,3356
30282,3356
30283,3356
30284,3356
30285,3356
30286,3356
30287,3356
30288,3356
30289,3356
30290,3356
30291,3356
30292,3356
30293,3356
30294,3356
30295,3356
30296,3356
30297,3356
30298,3356
30299,3356
30300,3356
30301,3356
30302,3356
30303,3356
30304,3356
30305,3356
30306,3356
30307,3356
30308,3356
30309,3356
30310,3356
30311,3356
30312,3356
30313,3356
30314,3356
30315,3356
30316,3356
30317,3356
30318,3356
30319,3356
30320,3356
30321,3356
30322,3356
30323,3356
30324,3356
30325,3356
30326,3356
30327,3356
30328,3356
30329,3356
30330,3356
30331,3356
30332,3356
30333,3356
30334,3356
30335,3356
30336,3356
30337,3356
30338,3356
30339,3356
30340,3356
30341,3356
30342,3356
30343,3356
30344,3356
30345,3356
30346,3356
30347,3356
30348,3356
30349,3356
30350,3356
30351,3356
30352,3356
30353,3356
30354,3356
30355,3356
30356,3356
30357,3356
30358,3356
30359,3356
30360,3356
30361,3356
30362,3356
30363,3356
30364,3356
30365,3356
30366,3356
30367,3356
30368,3356
30369,3356
30370,3356
30371,3356
30372,3356
30373,3356
30374,3356
30375,3356
30376,3356
30377,3356
30378,3356
30379,3356
30380,3356
30381,3356
30382,3356
30383,3356
30384,3356
30385,3356
30386,3356
30387,3356
30388,3356
30389,3356
30390,3356
30391,3356
30392,3356
30393,3356
30394,3356
30395,3356
30396,3356
30397,3356
30398,3356
30399,3356
30400,3356
30401,3356
30402,3356
30403,3356
30404,3356
30405,3356
30406,3356
30407,3356
30408,3356
30409,3356
30410,3356
30411,3356
30412,3356
30413,3356
30414,3356
30415,3356
30416,3356
30417,3356
30418,3356
30419,3356
30420,3356
30421,3356
30422,3356
30423,3356
30424,3356
30425,3356
30426,3356
30427,3356
30428,3356
30429,3356
30430,3356
30431,3356
30432,3356
30433,3356
30434,3356
30435,3356
30436,3356
30437,3356
30438,3356
30439,3356
30440,3356
30441,3356
30442,3356
30443,3356
30444,3356
30445,3356
30446,3356
30447,3356
30448,3356
30449,3356
30450,3356
30451,3356
30452,3356
30453,3356
30454,3356
30455,3356
30456,3356
30457,3356
30458,3356
30459,3356
30460,3356
30461,3356
30462,3356
30463,3356
30464,3356
30465,3356
30466,3356
30467,3356
30468,3356
30469,3356
30470,3356
30471,3356
30472,3356
30473,3356
30474,3356
30475,3356
30476,3356
30477,3356
30478,3356
30479,3356
30480,3356
30481,3356
30482,3356
30483,3356
30484,3356
30485,3356
30486,3356
30487,3356
30488,3356
30489,3356
30490,3356
30491,3356
30492,3356
30493,3356
30494,3356
30495,3356
30496,3356
30497,3356
30498,3356
30499,3356
30500,3356
30501,3356
30502,3356
30503,3356
30504,3356
30505,3356
30506,3356
30507,3356
30508,3356
30509,3356
30510,3356
30511,3356
30512,3356
30513,3356
30514,3356
30515,3356
30516,3356
30517,3356
30518,3356
30519,3356
30520,3356
30521,3356
30522,3356
30523,3356
30524,3356
30525,3356
30526,3356
30527,3356
30528,3356
30529,3356
30530,3356
30531,3356
30532,3356
30533,3356
30534,3362
30535,3362
30536,3362
30537,3362
30538,3362
30539,3362
30540,3362
30541,3362
30542,3362
30543,3362
30544,3362
30545,3362
30546,3362
30547,3362
30548,3362
30549,3362
30550,3362
30551,3362
30552,3362
30553,3362
30554,3362
30555,3362
30556,3362
30557,3362
30558,3362
30559,3362
30560,3362
30561,3362
30562,3362
30563,3362
30564,3362
30565,3362
30566,3362
30567,3362
30568,3362
30569,3362
30570,3362
30571,3362
30572,3362
30573,3362
30574,3362
30575,3362
30576,3362
30577,3362
30578,3362
30579,3362
30580,3362
30581,3362
30582,3362
30583,3362
30584,3362
30585,3362
30586,3362
30587,3362
30588,3362
30589,3362
30590,3362
30591,3362
30592,3362
30593,3363
30594,3363
30595,3363
30596,3363
30597,3363
30598,3363
30599,3363
30600,3363
30601,3363
30602,3363
30603,3363
30604,3363
30605,3363
30606,3363
30607,3363
30608,3363
30609,3363
30610,3363
30611,3363
30612,3363
30613,3363
30614,3363
30615,3363
30616,3363
30617,3363
30618,3363
30619,3363
30620,3363
30621,3363
30622,3363
30623,3363
30624,3363
30625,3363
30626,3369
30627,3369
30628,3369
30629,3369
30630,3369
30631,3369
30632,3369
30633,3369
30634,3369
30635,3369
30636,3369
30637,3369
30638,3369
30639,3369
30640,3369
30641,3369
30642,3369
30643,3369
30644,3369
30645,3369
30646,3369
30647,3369
30648,3369
30649,3369
30650,3369
30651,3369
30652,3369
30653,3369
30654,3369
30655,3369
30656,3369
30657,3369
30658,3369
30659,3369
30660,3369
30661,3369
30662,3369
30663,3369
30664,3369
30665,3369
30666,3369
30667,3369
30668,3369
30669,3369
30670,3369
30671,3369
30672,3369
30673,3369
30674,3369
30675,3369
30676,3369
30677,3369
30678,3369
30679,3369
30680,3369
30681,3369
30682,3369
30683,3369
30684,3369
30685,3369
30686,3369
30687,3369
30688,3369
30689,3369
30690,3369
30691,3369
30692,3369
30693,3369
30694,3369
30695,3369
30696,3369
30697,3369
30698,3369
30699,3369
30700,3369
30701,3369
30702,3369
30703,3369
30704,3369
30705,3369
30706,3369
30707,3369
30708,3369
30709,3369
30710,3369
30711,3369
30712,3369
30713,3369
30714,3369
30715,3369
30716,3369
30717,3369
30718,3369
30719,3369
30720,3369
30721,3369
30722,3369
30723,3369
30724,3369
30725,3369
30726,3369
30727,3369
30728,3369
30729,3369
30730,3369
30731,3369
30732,3369
30733,3369
30734,3369
30735,3369
30736,3369
30737,3369
30738,3369
30739,3369
30740,3369
30741,3369
30742,3369
30743,3369
30744,3369
30745,3369
30746,3369
30747,3369
30748,3369
30749,3369
30750,3369
30751,3369
30752,3369
30753,3369
30754,3369
30755,3369
30756,3369
30757,3369
30758,3369
30759,3369
30760,3369
30761,3369
30762,3369
30763,3369
30764,3369
30765,3369
30766,3369
30767,3369
30768,3369
30769,3369
30770,3369
30771,3369
30772,3369
30773,3369
30774,3369
30775,3369
30776,3369
30777,3369
30778,3369
30779,3369
30780,3369
30781,3369
30782,3369
30783,3369
30784,3369
30785,3369
30786,3369
30787,3369
30788,3369
30789,3369
30790,3369
30791,3369
30792,3369
30793,3369
30794,3369
30795,3369
30796,3369
30797,3369
30798,3369
30799,3369
30800,3369
30801,3369
30802,3369
30803,3369
30804,3369
30805,3369
30806,3369
30807,3369
30808,3369
30809,3369
30810,3369
30811,3369
30812,3369
30813,3369
30814,3369
30815,3369
30816,3369
30817,3369
30818,3369
30819,3369
30820,3369
30821,3369
30822,3369
30823,3369
30824,3369
30825,3369
30826,3369
30827,3369
30828,3369
30829,3369
30830,3369
30831,3369
30832,3369
30833,3369
30834,3369
30835,3369
30836,3369
30837,3369
30838,3369
30839,3369
30840,3369
30841,3369
30842,3369
30843,3369
30844,3369
30845,3369
30846,3369
30847,3369
30848,3369
30849,3369
30850,3369
30851,3369
30852,3369
30853,3369
30854,3369
30855,3369
30856,3369
30857,3369
30858,3369
30859,3369
30860,3369
30861,3369
30862,3369
30863,3369
30864,3369
30865,3369
30866,3369
30867,3369
30868,3369
30869,3369
30870,3369
30871,3369
30872,3369
30873,3369
30874,3369
30875,3369
30876,3369
30877,3369
30878,3369
30879,3369
30880,3369
30881,3369
30882,3369
30883,3369
30884,3369
30885,3369
30886,3369
30887,3369
30888,3369
30889,3369
30890,3369
30891,3369
30892,3369
30893,3369
30894,3369
30895,3369
30896,3369
30897,3369
30898,3369
30899,3369
30900,3369
30901,3369
30902,3369
30903,3369
30904,3369
30905,3369
30906,3369
30907,3369
30908,3369
30909,3369
30910,3369
30911,3369
30912,3369
30913,3369
30914,3369
30915,3369
30916,3369
30917,3369
30918,3369
30919,3369
30920,3369
30921,3369
30922,3369
30923,3369
30924,3369
30925,3369
30926,3369
30927,3369
30928,3369
30929,3369
30930,3369
30931,3369
30932,3369
30933,3369
30934,3369
30935,3369
30936,3369
30937,3369
30938,3369
30939,3369
30940,3369
30941,3369
30942,3381
30943,3381
30944,3381
30945,3381
30946,3381
30947,3381
30948,3381
30949,3381
30950,3381
30951,3381
30952,3381
30953,3381
30954,3381
30955,3381
30956,3381
30957,3381
30958,3381
30959,3381
30960,3381
30961,3381
30962,3381
30963,3381
30964,3381
30965,3381
30966,3381
30967,3381
30968,3381
30969,3381
30970,3381
30971,3381
30972,3381
30973,3381
30974,3381
30975,3381
30976,3381
30977,3381
30978,3381
30979,3381
30980,3381
30981,3381
30982,3381
30983,3381
30984,3381
30985,3385
30986,3385
30987,3385
30988,3385
30989,3385
30990,3385
30991,3385
30992,3385
30993,3385
30994,3385
30995,3385
30996,3385
30997,3385
30998,3385
30999,3385
31000,3385
31001,3385
31002,3385
31003,3385
31004,3385
31005,3385
31006,3385
31007,3385
31008,3385
31009,3385
31010,3385
31011,3385
31012,3385
31013,3385
31014,3385
31015,3385
31016,3385
31017,3385
31018,3385
31019,3385
31020,3385
31021,3385
31022,3385
31023,3385
31024,3385
31025,3385
31026,3385
31027,3385
31028,3385
31029,3385
31030,3385
31031,3385
31032,3385
31033,3385
31034,3385
31035,3385
31036,3385
31037,3385
31038,3385
31039,3385
31040,3385
31041,3385
31042,3385
31043,3385
31044,3385
31045,3385
31046,3385
31047,3385
31048,3385
31049,3385
31050,3385
31051,3385
31052,3385
31053,3385
31054,3385
31055,3385
31056,3385
31057,3385
31058,3385
31059,3385
31060,3385
31061,3385
31062,3385
31063,3385
31064,3385
31065,3385
31066,3385
31067,3385
31068,3385
31069,3385
31070,3385
31071,3385
31072,3385
31073,3385
31074,3385
31075,3385
31076,3385
31077,3385
31078,3385
31079,3385
31080,3385
31081,3385
31082,3385
31083,3385
31084,3385
31085,3385
31086,3385
31087,3385
31088,3385
31089,3385
31090,3385
31091,3385
31092,3385
31093,3385
31094,3385
31095,3385
31096,3385
31097,3385
31098,3385
31099,3385
31100,3385
31101,3385
31102,3385
31103,3385
31104,3385
31105,3385
31106,3385
31107,3385
31108,3385
31109,3385
31110,3385
31111,3385
31112,3385
31113,3385
31114,3385
31115,3385
31116,3385
31117,3385
31118,3385
31119,3385
31120,3385
31121,3385
31122,3385
31123,3385
31124,3385
31125,3385
31126,3385
31127,3385
31128,3385
31129,3385
31130,3385
31131,3385
31132,3385
31133,3385
31134,3385
31135,3385
31136,3385
31137,3385
31138,3385
31139,3385
31140,3385
31141,3385
31142,3385
31143,3385
31144,3385
31145,3385
31146,3385
31147,3385
31148,3385
31149,3385
31150,3385
31151,3385
31152,3385
31153,3385
31154,3385
31155,3385
31156,3385
31157,3385
31158,3385
31159,3385
31160,3385
31161,3385
31162,3385
31163,3385
31164,3385
31165,3385
31166,3385
31167,3385
31168,3385
31169,3385
31170,3385
31171,3385
31172,3385
31173,3385
31174,3385
31175,3385
31176,3385
31177,3385
31178,3385
31179,3385
31180,3385
31181,3385
31182,3385
31183,3385
31184,3385
31185,3385
31186,3385
31187,3385
31188,3385
31189,3385
31190,3385
31191,3385
31192,3385
31193,3385
31194,3385
31195,3385
31196,3385
31197,3385
31198,3385
31199,3385
31200,3385
31201,3385
31202,3385
31203,3385
31204,3385
31205,3385
31206,3385
31207,3385
31208,3385
31209,3385
31210,3385
31211,3385
31212,3385
31213,3385
31214,3385
31215,3385
31216,3385
31217,3385
31218,3385
31219,3385
31220,3385
31221,3385
31222,3385
31223,3385
31224,3389
31225,3389
31226,3389
31227,3389
31228,3389
31229,3389
31230,3389
31231,3389
31232,3389
31233,3389
31234,3389
31235,3389
31236,3389
31237,3389
31238,3389
31239,3389
31240,3389
31241,3389
31242,3389
31243,3389
31244,3389
31245,3389
31246,3389
31247,3389
31248,3389
31249,3389
31250,3389
31251,3389
31252,3389
31253,3389
31254,3389
31255,3389
31256,3389
31257,3389
31258,3389
31259,3389
31260,3389
31261,3389
31262,3389
31263,3389
31264,3389
31265,3389
31266,3389
31267,3389
31268,3389
31269,3389
31270,3389
31271,3389
31272,3389
31273,3389
31274,3389
31275,3389
31276,3389
31277,3389
31278,3389
31279,3389
31280,3389
31281,3389
31282,3389
31283,3389
31284,3389
31285,3389
31286,3389
31287,3389
31288,3389
31289,3389
31290,3389
31291,3389
31292,3389
31293,3389
31294,3389
31295,3389
31296,3389
31297,3389
31298,3389
31299,3389
31300,3389
31301,3389
31302,3389
31303,3389
31304,3389
31305,3389
31306,3389
31307,3389
31308,3389
31309,3389
31310,3389
31311,3389
31312,3389
31313,3389
31314,3389
31315,3389
31316,3389
31317,3389
31318,3389
31319,3389
31320,3389
31321,3389
31322,3389
31323,3389
31324,3389
31325,3389
31326,3389
31327,3389
31328,3389
31329,3389
31330,3389
31331,3389
31332,3389
31333,3389
31334,3389
31335,3389
31336,3389
31337,3389
31338,3389
31339,3389
31340,3389
31341,3389
31342,3389
31343,3389
31344,3389
31345,3389
31346,3389
31347,3390
31348,3390
31349,3390
31350,3390
31351,3390
31352,3390
31353,3390
31354,3390
31355,3390
31356,3390
31357,3390
31358,3390
31359,3390
31360,3390
31361,3390
31362,3390
31363,3390
31364,3390
31365,3390
31366,3390
31367,3390
31368,3390
31369,3390
31370,3390
31371,3390
31372,3390
31373,3390
31374,3390
31375,3390
31376,3390
31377,3390
31378,3390
31379,3390
31380,3390
31381,3390
31382,3390
31383,3390
31384,3390
31385,3390
31386,3390
31387,3390
31388,3390
31389,3390
31390,3390
31391,3390
31392,3390
31393,3390
31394,3390
31395,3390
31396,3390
31397,3390
31398,3390
31399,3390
31400,3390
31401,3390
31402,3390
31403,3390
31404,3390
31405,3390
31406,3390
31407,3390
31408,3390
31409,3390
31410,3390
31411,3390
31412,3390
31413,3390
31414,3390
31415,3390
31416,3390
31417,3390
31418,3390
31419,3390
31420,3390
31421,3390
31422,3390
31423,3390
31424,3390
31425,3390
31426,3390
31427,3390
31428,3390
31429,3390
31430,3390
31431,3390
31432,3390
31433,3390
31434,3390
31435,3390
31436,3390
31437,3390
31438,3390
31439,3390
31440,3390
31441,3390
31442,3390
31443,3390
31444,3390
31445,3390
31446,3390
31447,3390
31448,3390
31449,3390
31450,3390
31451,3390
31452,3390
31453,3390
31454,3390
31455,3390
31456,3390
31457,3390
31458,3390
31459,3390
31460,3390
31461,3390
31462,3390
31463,3390
31464,3390
31465,3390
31466,3390
31467,3390
31468,3390
31469,3390
31470,3390
31471,3390
31472,3390
31473,3390
31474,3390
31475,3390
31476,3390
31477,3390
31478,3390
31479,3390
31480,3390
31481,3390
31482,3390
31483,3390
31484,3390
31485,3390
31486,3390
31487,3390
31488,3390
31489,3390
31490,3390
31491,3390
31492,3390
31493,3390
31494,3390
31495,3390
31496,3390
31497,3390
31498,3390
31499,3390
31500,3390
31501,3390
31502,3390
31503,3390
31504,3390
31505,3390
31506,3390
31507,3390
31508,3390
31509,3390
31510,3390
31511,3390
31512,3390
31513,3390
31514,3390
31515,3390
31516,3390
31517,3390
31518,3390
31519,3390
31520,3390
31521,3390
31522,3390
31523,3390
31524,3390
31525,3390
31526,3390
31527,3390
31528,3390
31529,3390
31530,3390
31531,3390
31532,3390
31533,3390
31534,3390
31535,3390
31536,3390
31537,3390
31538,3390
31539,3390
31540,3390
31541,3390
31542,3390
31543,3390
31544,3390
31545,3390
31546,3390
31547,3390
31548,3390
31549,3390
31550,3390
31551,3390
31552,3390
31553,3390
31554,3390
31555,3390
31556,3390
31557,3390
31558,3390
31559,3390
31560,3390
31561,3390
31562,3390
31563,3390
31564,3390
31565,3390
31566,3390
31567,3390
31568,3396
31569,3396
31570,3396
31571,3396
31572,3396
31573,3396
31574,3396
31575,3396
31576,3396
31577,3396
31578,3396
31579,3396
31580,3396
31581,3396
31582,3396
31583,3396
31584,3396
31585,3396
31586,3396
31587,3396
31588,3396
31589,3396
31590,3396
31591,3396
31592,3396
31593,3396
31594,3396
31595,3396
31596,3396
31597,3396
31598,3396
31599,3396
31600,3396
31601,3396
31602,3396
31603,3396
31604,3396
31605,3396
31606,3396
31607,3396
31608,3396
31609,3396
31610,3396
31611,3396
31612,3396
31613,3396
31614,3396
31615,3396
31616,3396
31617,3396
31618,3396
31619,3396
31620,3396
31621,3396
31622,3396
31623,3396
31624,3396
31625,3396
31626,3396
31627,3396
31628,3396
31629,3396
31630,3396
31631,3396
31632,3396
31633,3396
31634,3396
31635,3396
31636,3396
31637,3396
31638,3396
31639,3396
31640,3399
31641,3399
31642,3399
31643,3399
31644,3399
31645,3399
31646,3399
31647,3399
31648,3399
31649,3399
31650,3399
31651,3399
31652,3399
31653,3399
31654,3399
31655,3399
31656,3399
31657,3399
31658,3399
31659,3399
31660,3399
31661,3399
31662,3399
31663,3399
31664,3399
31665,3399
31666,3399
31667,3399
31668,3399
31669,3399
31670,3399
31671,3399
31672,3399
31673,3399
31674,3399
31675,3399
31676,3399
31677,3399
31678,3399
31679,3399
31680,3399
31681,3399
31682,3399
31683,3399
31684,3399
31685,3399
31686,3399
31687,3399
31688,3399
31689,3399
31690,3399
31691,3399
31692,3399
31693,3399
31694,3399
31695,3399
31696,3399
31697,3399
31698,3399
31699,3399
31700,3401
31701,3401
31702,3401
31703,3401
31704,3401
31705,3401
31706,3401
31707,3401
31708,3401
31709,3401
31710,3401
31711,3401
31712,3401
31713,3401
31714,3401
31715,3401
31716,3401
31717,3401
31718,3401
31719,3401
31720,3401
31721,3401
31722,3401
31723,3401
31724,3401
31725,3401
31726,3401
31727,3401
31728,3401
31729,3401
31730,3401
31731,3401
31732,3401
31733,3401
31734,3401
31735,3401
31736,3401
31737,3401
31738,3401
31739,3401
31740,3401
31741,3402
31742,3402
31743,3402
31744,3402
31745,3402
31746,3402
31747,3402
31748,3402
31749,3402
31750,3402
31751,3402
31752,3402
31753,3402
31754,3402
31755,3402
31756,3402
31757,3402
31758,3402
31759,3402
31760,3402
31761,3402
31762,3402
31763,3402
31764,3402
31765,3402
31766,3402
31767,3402
31768,3402
31769,3402
31770,3402
31771,3402
31772,3402
31773,3402
31774,3402
31775,3402
31776,3402
31777,3402
31778,3402
31779,3402
31780,3402
31781,3402
31782,3402
31783,3402
31784,3402
31785,3402
31786,3402
31787,3402
31788,3402
31789,3402
31790,3402
31791,3402
31792,3402
31793,3402
31794,3402
31795,3402
31796,3402
31797,3402
31798,3402
31799,3402
31800,3402
31801,3402
31802,3402
31803,3402
31804,3402
31805,3402
31806,3402
31807,3402
31808,3402
31809,3402
31810,3402
31811,3402
31812,3402
31813,3402
31814,3402
31815,3402
31816,3402
31817,3402
31818,3402
31819,3402
31820,3402
31821,3402
31822,3402
31823,3402
31824,3402
31825,3402
31826,3402
31827,3402
31828,3402
31829,3402
31830,3402
31831,3402
31832,3402
31833,3402
31834,3402
31835,3402
31836,3402
31837,3402
31838,3402
31839,3402
31840,3402
31841,3402
31842,3402
31843,3402
31844,3402
31845,3402
31846,3402
31847,3402
31848,3402
31849,3402
31850,3402
31851,3402
31852,3402
31853,3402
31854,3402
31855,3402
31856,3402
31857,3402
31858,3402
31859,3402
31860,3402
31861,3402
31862,3402
31863,3402
31864,3402
31865,3402
31866,3402
31867,3402
31868,3402
31869,3402
31870,3402
31871,3402
31872,3402
31873,3402
31874,3402
31875,3402
31876,3402
31877,3402
31878,3402
31879,3402
31880,3402
31881,3402
31882,3402
31883,3402
31884,3402
31885,3402
31886,3402
31887,3402
31888,3402
31889,3402
31890,3402
31891,3402
31892,3402
31893,3402
31894,3402
31895,3402
31896,3402
31897,3402
31898,3402
31899,3402
31900,3402
31901,3402
31902,3402
31903,3402
31904,3402
31905,3402
31906,3402
31907,3402
31908,3402
31909,3402
31910,3402
31911,3402
31912,3402
31913,3402
31914,3402
31915,3402
31916,3402
31917,3402
31918,3402
31919,3402
31920,3402
31921,3402
31922,3402
31923,3402
31924,3402
31925,3402
31926,3402
31927,3402
31928,3402
31929,3402
31930,3402
31931,3402
31932,3402
31933,3402
31934,3402
31935,3402
31936,3402
31937,3402
31938,3402
31939,3402
31940,3402
31941,3402
31942,3402
31943,3402
31944,3402
31945,3402
31946,3402
31947,3402
31948,3402
31949,3402
31950,3402
31951,3402
31952,3402
31953,3402
31954,3402
31955,3402
31956,3402
31957,3402
31958,3402
31959,3402
31960,3402
31961,3402
31962,3402
31963,3402
31964,3402
31965,3402
31966,3402
31967,3402
31968,3402
31969,3402
31970,3402
31971,3402
31972,3402
31973,3402
31974,3402
31975,3402
31976,3402
31977,3402
31978,3402
31979,3402
31980,3402
31981,3402
31982,3402
31983,3402
31984,3402
31985,3402
31986,3402
31987,3402
31988,3402
31989,3402
31990,3402
31991,3402
31992,3402
31993,3402
31994,3402
31995,3402
31996,3402
31997,3402
31998,3402
31999,3402
32000,3402
32001,3402
32002,3402
32003,3402
32004,3402
32005,3402
32006,3402
32007,3402
32008,3402
32009,3402
32010,3402
32011,3402
32012,3402
32013,3402
32014,3402
32015,3402
32016,3402
32017,3402
32018,3402
32019,3402
32020,3402
32021,3402
32022,3402
32023,3402
32024,3402
32025,3402
32026,3402
32027,3402
32028,3402
32029,3402
32030,3402
32031,3402
32032,3402
32033,3402
32034,3402
32035,3402
32036,3402
32037,3402
32038,3402
32039,3402
32040,3402
32041,3402
32042,3402
32043,3402
32044,3402
32045,3402
32046,3402
32047,3402
32048,3402
32049,3402
32050,3402
32051,3402
32052,3402
32053,3402
32054,3402
32055,3402
32056,3402
32057,3402
32058,3402
32059,3402
32060,3402
32061,3402
32062,3402
32063,3402
32064,3402
32065,3402
32066,3402
32067,3402
32068,3402
32069,3402
32070,3402
32071,3402
32072,3402
32073,3402
32074,3402
32075,3402
32076,3402
32077,3402
32078,3402
32079,3402
32080,3402
32081,3402
32082,3402
32083,3402
32084,3402
32085,3402
32086,3402
32087,3402
32088,3402
32089,3402
32090,3402
32091,3402
32092,3402
32093,3402
32094,3402
32095,3402
32096,3402
32097,3402
32098,3402
32099,3402
32100,3402
32101,3402
32102,3402
32103,3402
32104,3402
32105,3402
32106,3402
32107,3402
32108,3402
32109,3402
32110,3402
32111,3402
32112,3402
32113,3402
32114,3402
32115,3402
32116,3402
32117,3403
32118,3403
32119,3403
32120,3403
32121,3403
32122,3403
32123,3403
32124,3403
32125,3403
32126,3403
32127,3403
32128,3403
32129,3403
32130,3403
32131,3403
32132,3403
32133,3403
32134,3403
32135,3403
32136,3403
32137,3403
32138,3403
32139,3403
32140,3403
32141,3403
32142,3403
32143,3403
32144,3403
32145,3403
32146,3403
32147,3403
32148,3403
32149,3403
32150,3403
32151,3403
32152,3403
32153,3403
32154,3403
32155,3403
32156,3403
32157,3403
32158,3403
32159,3403
32160,3403
32161,3403
32162,3403
32163,3403
32164,3403
32165,3403
32166,3403
32167,3403
32168,3403
32169,3403
32170,3403
32171,3403
32172,3403
32173,3403
32174,3403
32175,3403
32176,3403
32177,3403
32178,3403
32179,3403
32180,3403
32181,3403
32182,3403
32183,3403
32184,3403
32185,3403
32186,3403
32187,3403
32188,3403
32189,3403
32190,3403
32191,3403
32192,3403
32193,3403
32194,3403
32195,3403
32196,3403
32197,3403
32198,3403
32199,3403
32200,3403
32201,3403
32202,3403
32203,3403
32204,3403
32205,3403
32206,3403
32207,3403
32208,3403
32209,3403
32210,3403
32211,3403
32212,3403
32213,3403
32214,3403
32215,3403
32216,3403
32217,3403
32218,3403
32219,3403
32220,3403
32221,3403
32222,3403
32223,3403
32224,3403
32225,3403
32226,3403
32227,3403
32228,3403
32229,3404
32230,3404
32231,3404
32232,3404
32233,3404
32234,3404
32235,3404
32236,3404
32237,3404
32238,3404
32239,3404
32240,3404
32241,3404
32242,3404
32243,3404
32244,3404
32245,3404
32246,3404
32247,3404
32248,3404
32249,3404
32250,3404
32251,3404
32252,3404
32253,3404
32254,3404
32255,3404
32256,3404
32257,3404
32258,3404
32259,3404
32260,3404
32261,3404
32262,3404
32263,3404
32264,3404
32265,3404
32266,3404
32267,3404
32268,3404
32269,3404
32270,3404
32271,3404
32272,3404
32273,3404
32274,3404
32275,3404
32276,3404
32277,3404
32278,3404
32279,3404
32280,3404
32281,3404
32282,3404
32283,3404
32284,3404
32285,3404
32286,3404
32287,3404
32288,3404
32289,3404
32290,3404
32291,3404
32292,3404
32293,3404
32294,3404
32295,3404
32296,3404
32297,3404
32298,3404
32299,3404
32300,3404
32301,3404
32302,3404
32303,3404
32304,3404
32305,3404
32306,3404
32307,3404
32308,3404
32309,3404
32310,3404
32311,3404
32312,3404
32313,3404
32314,3404
32315,3404
32316,3404
32317,3404
32318,3404
32319,3404
32320,3404
32321,3404
32322,3404
32323,3404
32324,3404
32325,3404
32326,3404
32327,3404
32328,3404
32329,3404
32330,3404
32331,3404
32332,3404
32333,3404
32334,3404
32335,3404
32336,3404
32337,3404
32338,3404
32339,3404
32340,3404
32341,3404
32342,3404
32343,3404
32344,3404
32345,3404
32346,3404
32347,3404
32348,3404
32349,3404
32350,3404
32351,3404
32352,3404
32353,3404
32354,3404
32355,3404
32356,3404
32357,3404
32358,3404
32359,3404
32360,3404
32361,3404
32362,3404
32363,3404
32364,3404
32365,3404
32366,3404
32367,3404
32368,3404
32369,3404
32370,3404
32371,3404
32372,3404
32373,3404
32374,3404
32375,3404
32376,3404
32377,3404
32378,3404
32379,3404
32380,3404
32381,3404
32382,3404
32383,3404
32384,3404
32385,3404
32386,3404
32387,3404
32388,3405
32389,3405
32390,3405
32391,3405
32392,3405
32393,3405
32394,3405
32395,3405
32396,3405
32397,3405
32398,3405
32399,3405
32400,3405
32401,3405
32402,3405
32403,3405
32404,3405
32405,3405
32406,3405
32407,3405
32408,3405
32409,3408
32410,3408
32411,3408
32412,3408
32413,3408
32414,3408
32415,3408
32416,3408
32417,3408
32418,3408
32419,3408
32420,3408
32421,3408
32422,3408
32423,3408
32424,3408
32425,3408
32426,3408
32427,3408
32428,3408
32429,3408
32430,3408
32431,3408
32432,3408
32433,3408
32434,3408
32435,3408
32436,3408
32437,3408
32438,3408
32439,3408
32440,3408
32441,3408
32442,3408
32443,3408
32444,3408
32445,3408
32446,3408
32447,3408
32448,3408
32449,3408
32450,3408
32451,3408
32452,3408
32453,3408
32454,3408
32455,3408
32456,3413
32457,3413
32458,3413
32459,3413
32460,3413
32461,3413
32462,3413
32463,3413
32464,3413
32465,3413
32466,3413
32467,3413
32468,3413
32469,3413
32470,3413
32471,3413
32472,3413
32473,3413
32474,3413
32475,3413
32476,3413
32477,3413
32478,3413
32479,3413
32480,3413
32481,3413
32482,3413
32483,3413
32484,3413
32485,3413
32486,3413
32487,3413
32488,3413
32489,3413
32490,3413
32491,3413
32492,3413
32493,3413
32494,3413
32495,3413
32496,3413
32497,3413
32498,3413
32499,3413
32500,3413
32501,3413
32502,3413
32503,3413
32504,3413
32505,3413
32506,3413
32507,3413
32508,3413
32509,3413
32510,3413
32511,3413
32512,3413
32513,3413
32514,3413
32515,3413
32516,3413
32517,3413
32518,3413
32519,3413
32520,3413
32521,3413
32522,3413
32523,3413
32524,3413
32525,3413
32526,3413
32527,3413
32528,3413
32529,3413
32530,3413
32531,3413
32532,3413
32533,3413
32534,3413
32535,3413
32536,3413
32537,3413
32538,3413
32539,3413
32540,3413
32541,3413
32542,3413
32543,3413
32544,3413
32545,3413
32546,3413
32547,3413
32548,3413
32549,3413
32550,3413
32551,3413
32552,3413
32553,3413
32554,3413
32555,3413
32556,3413
32557,3413
32558,3413
32559,3413
32560,3413
32561,3413
32562,3413
32563,3413
32564,3413
32565,3413
32566,3413
32567,3413
32568,3413
32569,3413
32570,3413
32571,3413
32572,3413
32573,3413
32574,3413
32575,3413
32576,3413
32577,3413
32578,3413
32579,3413
32580,3413
32581,3413
32582,3413
32583,3413
32584,3413
32585,3413
32586,3413
32587,3413
32588,3413
32589,3413
32590,3413
32591,3413
32592,3413
32593,3413
32594,3413
32595,3413
32596,3413
32597,3413
32598,3413
32599,3413
32600,3413
32601,3413
32602,3413
32603,3413
32604,3413
32605,3413
32606,3413
32607,3413
32608,3413
32609,3413
32610,3414
32611,3414
32612,3414
32613,3414
32614,3414
32615,3414
32616,3414
32617,3414
32618,3414
32619,3414
32620,3414
32621,3414
32622,3414
32623,3414
32624,3414
32625,3414
32626,3414
32627,3414
32628,3414
32629,3414
32630,3414
32631,3414
32632,3414
32633,3414
32634,3414
32635,3414
32636,3414
32637,3414
32638,3414
32639,3414
32640,3414
32641,3414
32642,3414
32643,3414
32644,3414
32645,3414
32646,3414
32647,3414
32648,3414
32649,3414
32650,3414
32651,3414
32652,3414
32653,3414
32654,3414
32655,3414
32656,3414
32657,3414
32658,3414
32659,3414
32660,3414
32661,3414
32662,3414
32663,3414
32664,3414
32665,3414
32666,3414
32667,3414
32668,3414
32669,3414
32670,3414
32671,3414
32672,3414
32673,3414
32674,3414
32675,3414
32676,3414
32677,3414
32678,3414
32679,3414
32680,3414
32681,3414
32682,3414
32683,3414
32684,3414
32685,3414
32686,3414
32687,3414
32688,3414
32689,3414
32690,3414
32691,3414
32692,3414
32693,3414
32694,3414
32695,3414
32696,3414
32697,3414
32698,3414
32699,3414
32700,3414
32701,3414
32702,3414
32703,3414
32704,3414
32705,3414
32706,3414
32707,3414
32708,3414
32709,3414
32710,3414
32711,3414
32712,3414
32713,3414
32714,3414
32715,3414
32716,3414
32717,3414
32718,3414
32719,3414
32720,3414
32721,3414
32722,3414
32723,3414
32724,3414
32725,3414
32726,3414
32727,3414
32728,3414
32729,3414
32730,3414
32731,3414
32732,3414
32733,3414
32734,3414
32735,3414
32736,3414
32737,3414
32738,3414
32739,3414
32740,3414
32741,3414
32742,3414
32743,3414
32744,3414
32745,3414
32746,3414
32747,3414
32748,3414
32749,3414
32750,3414
32751,3414
32752,3414
32753,3414
32754,3414
32755,3414
32756,3414
32757,3414
32758,3414
32759,3414
32760,3414
32761,3414
32762,3414
32763,3414
32764,3414
32765,3414
32766,3414
32767,3414
32768,3414
32769,3414
32770,3414
32771,3414
32772,3414
32773,3414
32774,3414
32775,3414
32776,3414
32777,3414
32778,3414
32779,3414
32780,3414
32781,3414
32782,3414
32783,3414
32784,3414
32785,3414
32786,3414
32787,3414
32788,3414
32789,3414
32790,3414
32791,3414
32792,3414
32793,3414
32794,3414
32795,3414
32796,3414
32797,3414
32798,3414
32799,3414
32800,3414
32801,3414
32802,3414
32803,3414
32804,3414
32805,3414
32806,3414
32807,3414
32808,3414
32809,3414
32810,3414
32811,3414
32812,3414
32813,3414
32814,3414
32815,3414
32816,3414
32817,3414
32818,3414
32819,3414
32820,3414
32821,3414
32822,3414
32823,3414
32824,3414
32825,3414
32826,3414
32827,3414
32828,3414
32829,3414
32830,3414
32831,3414
32832,3414
32833,3414
32834,3414
32835,3414
32836,3414
32837,3414
32838,3414
32839,3414
32840,3414
32841,3414
32842,3414
32843,3414
32844,3414
32845,3414
32846,3414
32847,3414
32848,3414
32849,3414
32850,3414
32851,3414
32852,3414
32853,3414
32854,3414
32855,3414
32856,3414
32857,3414
32858,3414
32859,3414
32860,3414
32861,3414
32862,3414
32863,3414
32864,3414
32865,3414
32866,3414
32867,3414
32868,3414
32869,3414
32870,3414
32871,3414
32872,3414
32873,3414
32874,3414
32875,3414
32876,3414
32877,3414
32878,3414
32879,3414
32880,3414
32881,3414
32882,3414
32883,3414
32884,3414
32885,3414
32886,3414
32887,3414
32888,3414
32889,3414
32890,3414
32891,3414
32892,3414
32893,3414
32894,3414
32895,3414
32896,3414
32897,3414
32898,3414
32899,3414
32900,3414
32901,3414
32902,3414
32903,3414
32904,3414
32905,3414
32906,3414
32907,3414
32908,3414
32909,3414
32910,3414
32911,3414
32912,3414
32913,3414
32914,3414
32915,3414
32916,3414
32917,3414
32918,3414
32919,3414
32920,3414
32921,3414
32922,3414
32923,3414
32924,3414
32925,3414
32926,3414
32927,3414
32928,3414
32929,3414
32930,3414
32931,3414
32932,3414
32933,3414
32934,3414
32935,3414
32936,3414
32937,3414
32938,3414
32939,3414
32940,3414
32941,3414
32942,3414
32943,3414
32944,3414
32945,3414
32946,3414
32947,3414
32948,3414
32949,3414
32950,3414
32951,3414
32952,3414
32953,3414
32954,3414
32955,3414
32956,3414
32957,3414
32958,3414
32959,3414
32960,3414
32961,3414
32962,3414
32963,3414
32964,3417
32965,3417
32966,3417
32967,3417
32968,3417
32969,3417
32970,3417
32971,3417
32972,3417
32973,3417
32974,3417
32975,3417
32976,3417
32977,3417
32978,3417
32979,3417
32980,3417
32981,3417
32982,3417
32983,3417
32984,3417
32985,3417
32986,3417
32987,3417
32988,3417
32989,3417
32990,3417
32991,3417
32992,3417
32993,3417
32994,3417
32995,3417
32996,3417
32997,3417
32998,3417
32999,3417
33000,3417
33001,3417
33002,3417
33003,3417
33004,3417
33005,3417
33006,3417
33007,3417
33008,3417
33009,3417
33010,3417
33011,3417
33012,3417
33013,3417
33014,3417
33015,3417
33016,3417
33017,3417
33018,3417
33019,3417
33020,3417
33021,3417
33022,3417
33023,3417
33024,3417
33025,3417
33026,3417
33027,3417
33028,3417
33029,3417
33030,3417
33031,3417
33032,3417
33033,3417
33034,3417
33035,3417
33036,3417
33037,3417
33038,3417
33039,3417
33040,3417
33041,3417
33042,3417
33043,3417
33044,3417
33045,3417
33046,3417
33047,3417
33048,3417
33049,3417
33050,3417
33051,3417
33052,3417
33053,3417
33054,3417
33055,3417
33056,3417
33057,3417
33058,3417
33059,3417
33060,3417
33061,3417
33062,3417
33063,3417
33064,3417
33065,3417
33066,3417
33067,3417
33068,3417
33069,3417
33070,3417
33071,3417
33072,3417
33073,3417
33074,3417
33075,3417
33076,3417
33077,3417
33078,3417
33079,3417
33080,3417
33081,3417
33082,3417
33083,3417
33084,3417
33085,3417
33086,3417
33087,3417
33088,3417
33089,3417
33090,3417
33091,3417
33092,3417
33093,3417
33094,3417
33095,3417
33096,3417
33097,3417
33098,3417
33099,3417
33100,3417
33101,3417
33102,3417
33103,3417
33104,3417
33105,3417
33106,3417
33107,3417
33108,3417
33109,3417
33110,3417
33111,3417
33112,3417
33113,3417
33114,3417
33115,3417
33116,3417
33117,3417
33118,3417
33119,3417
33120,3417
33121,3417
33122,3417
33123,3417
33124,3417
33125,3417
33126,3417
33127,3417
33128,3417
33129,3417
33130,3417
33131,3417
33132,3417
33133,3417
33134,3417
33135,3417
33136,3417
33137,3417
33138,3417
33139,3417
33140,3417
33141,3417
33142,3417
33143,3417
33144,3417
33145,3417
33146,3417
33147,3417
33148,3417
33149,3417
33150,3417
33151,3417
33152,3417
33153,3417
33154,3417
33155,3417
33156,3417
33157,3417
33158,3417
33159,3417
33160,3417
33161,3417
33162,3417
33163,3417
33164,3417
33165,3417
33166,3417
33167,3417
33168,3417
33169,3417
33170,3417
33171,3417
33172,3417
33173,3417
33174,3417
33175,3417
33176,3417
33177,3417
33178,3417
33179,3417
33180,3417
33181,3417
33182,3417
33183,3417
33184,3417
33185,3417
33186,3417
33187,3417
33188,3417
33189,3417
33190,3417
33191,3417
33192,3417
33193,3417
33194,3417
33195,3417
33196,3417
33197,3417
33198,3417
33199,3417
33200,3417
33201,3417
33202,3417
33203,3417
33204,3417
33205,3417
33206,3417
33207,3417
33208,3417
33209,3417
33210,3417
33211,3417
33212,3417
33213,3417
33214,3417
33215,3417
33216,3417
33217,3417
33218,3417
33219,3417
33220,3417
33221,3417
33222,3417
33223,3417
33224,3417
33225,3417
33226,3417
33227,3417
33228,3417
33229,3417
33230,3417
33231,3417
33232,3417
33233,3417
33234,3417
33235,3417
33236,3417
33237,3417
33238,3417
33239,3417
33240,3417
33241,3417
33242,3417
33243,3417
33244,3417
33245,3417
33246,3417
33247,3417
33248,3417
33249,3417
33250,3417
33251,3417
33252,3417
33253,3417
33254,3417
33255,3417
33256,3417
33257,3417
33258,3417
33259,3417
33260,3417
33261,3417
33262,3417
33263,3417
33264,3417
33265,3417
33266,3417
33267,3417
33268,3417
33269,3417
33270,3417
33271,3417
33272,3417
33273,3417
33274,3417
33275,3417
33276,3417
33277,3417
33278,3417
33279,3417
33280,3417
33281,3417
33282,3417
33283,3417
33284,3417
33285,3417
33286,3417
33287,3417
33288,3417
33289,3417
33290,3417
33291,3417
33292,3417
33293,3417
33294,3417
33295,3417
33296,3417
33297,3417
33298,3417
33299,3417
33300,3417
33301,3417
33302,3417
33303,3417
33304,3417
33305,3417
33306,3417
33307,3417
33308,3417
33309,3417
33310,3417
33311,3417
33312,3417
33313,3417
33314,3417
33315,3417
33316,3417
33317,3417
33318,3417
33319,3417
33320,3417
33321,3417
33322,3417
33323,3417
33324,3417
33325,3417
33326,3417
33327,3417
33328,3417
33329,3417
33330,3417
33331,3417
33332,3417
33333,3417
33334,3417
33335,3417
33336,3417
33337,3417
33338,3417
33339,3417
33340,3417
33341,3417
33342,3417
33343,3417
33344,3417
33345,3417
33346,3417
33347,3417
33348,3417
33349,3417
33350,3417
33351,3417
33352,3417
33353,3417
33354,3417
33355,3417
33356,3417
33357,3417
33358,3417
33359,3417
33360,3417
33361,3417
33362,3417
33363,3417
33364,3417
33365,3417
33366,3417
33367,3417
33368,3417
33369,3417
33370,3417
33371,3417
33372,3417
33373,3417
33374,3417
33375,3417
33376,3417
33377,3417
33378,3417
33379,3417
33380,3417
33381,3417
33382,3417
33383,3417
33384,3417
33385,3417
33386,3417
33387,3417
33388,3417
33389,3417
33390,3417
33391,3417
33392,3417
33393,3417
33394,3417
33395,3417
33396,3417
33397,3417
33398,3417
33399,3417
33400,3417
33401,3417
33402,3417
33403,3417
33404,3417
33405,3417
33406,3417
33407,3417
33408,3417
33409,3417
33410,3417
33411,3417
33412,3417
33413,3417
33414,3417
33415,3417
33416,3417
33417,3417
33418,3417
33419,3417
33420,3417
33421,3417
33422,3417
33423,3417
33424,3417
33425,3417
33426,3417
33427,3417
33428,3417
33429,3417
33430,3417
33431,3417
33432,3417
33433,3417
33434,3417
33435,3417
33436,3417
33437,3417
33438,3417
33439,3417
33440,3417
33441,3417
33442,3417
33443,3417
33444,3417
33445,3417
33446,3417
33447,3417
33448,3417
33449,3417
33450,3417
33451,3417
33452,3417
33453,3417
33454,3417
33455,3417
33456,3417
33457,3417
33458,3417
33459,3417
33460,3417
33461,3417
33462,3417
33463,3417
33464,3417
33465,3417
33466,3417
33467,3417
33468,3417
33469,3417
33470,3417
33471,3417
33472,3417
33473,3417
33474,3417
33475,3417
33476,3417
33477,3417
33478,3417
33479,3417
33480,3417
33481,3417
33482,3417
33483,3417
33484,3417
33485,3417
33486,3417
33487,3417
33488,3417
33489,3417
33490,3417
33491,3417
33492,3417
33493,3417
33494,3417
33495,3417
33496,3417
33497,3417
33498,3417
33499,3417
33500,3417
33501,3417
33502,3417
33503,3417
33504,3417
33505,3417
33506,3417
33507,3417
33508,3417
33509,3417
33510,3417
33511,3417
33512,3417
33513,3417
33514,3417
33515,3417
33516,3417
33517,3417
33518,3417
33519,3417
33520,3417
33521,3417
33522,3417
33523,3417
33524,3417
33525,3417
33526,3417
33527,3417
33528,3417
33529,3417
33530,3417
33531,3417
33532,3417
33533,3417
33534,3417
33535,3417
33536,3417
33537,3417
33538,3417
33539,3417
33540,3417
33541,3417
33542,3417
33543,3417
33544,3417
33545,3417
33546,3417
33547,3417
33548,3417
33549,3417
33550,3417
33551,3417
33552,3417
33553,3417
33554,3417
33555,3417
33556,3417
33557,3417
33558,3417
33559,3417
33560,3417
33561,3417
33562,3417
33563,3417
33564,3417
33565,3417
33566,3417
33567,3417
33568,3417
33569,3417
33570,3417
33571,3417
33572,3417
33573,3417
33574,3417
33575,3417
33576,3417
33577,3417
33578,3417
33579,3417
33580,3417
33581,3417
33582,3417
33583,3417
33584,3417
33585,3417
33586,3417
33587,3417
33588,3417
33589,3417
33590,3417
33591,3417
33592,3417
33593,3417
33594,3417
33595,3417
33596,3417
33597,3417
33598,3417
33599,3417
33600,3417
33601,3417
33602,3417
33603,3417
33604,3417
33605,3417
33606,3417
33607,3417
33608,3417
33609,3417
33610,3417
33611,3417
33612,3417
33613,3417
33614,3417
33615,3417
33616,3417
33617,3417
33618,3417
33619,3417
33620,3417
33621,3417
33622,3417
33623,3417
33624,3417
33625,3417
33626,3417
33627,3417
33628,3417
33629,3417
33630,3417
33631,3417
33632,3417
33633,3417
33634,3417
33635,3417
33636,3417
33637,3417
33638,3417
33639,3417
33640,3417
33641,3417
33642,3417
33643,3417
33644,3417
33645,3417
33646,3417
33647,3417
33648,3417
33649,3417
33650,3417
33651,3417
33652,3417
33653,3417
33654,3417
33655,3417
33656,3417
33657,3417
33658,3417
33659,3417
33660,3417
33661,3417
33662,3417
33663,3417
33664,3417
33665,3417
33666,3417
33667,3417
33668,3417
33669,3417
33670,3417
33671,3417
33672,3417
33673,3417
33674,3417
33675,3417
33676,3417
33677,3417
33678,3417
33679,3417
33680,3417
33681,3417
33682,3417
33683,3417
33684,3417
33685,3417
33686,3417
33687,3417
33688,3417
33689,3417
33690,3417
33691,3417
33692,3417
33693,3417
33694,3417
33695,3417
33696,3417
33697,3417
33698,3417
33699,3417
33700,3417
33701,3417
33702,3417
33703,3417
33704,3417
33705,3417
33706,3417
33707,3417
33708,3417
33709,3417
33710,3417
33711,3417
33712,3419
33713,3419
33714,3419
33715,3419
33716,3419
33717,3419
33718,3419
33719,3419
33720,3419
33721,3419
33722,3419
33723,3419
33724,3419
33725,3419
33726,3419
33727,3419
33728,3419
33729,3419
33730,3419
33731,3419
33732,3419
33733,3419
33734,3419
33735,3419
33736,3419
33737,3419
33738,3419
33739,3419
33740,3419
33741,3419
33742,3419
33743,3419
33744,3419
33745,3419
33746,3419
33747,3419
33748,3419
33749,3419
33750,3419
33751,3419
33752,3419
33753,3419
33754,3419
33755,3419
33756,3419
33757,3419
33758,3419
33759,3419
33760,3419
33761,3419
33762,3419
33763,3419
33764,3419
33765,3419
33766,3419
33767,3419
33768,3419
33769,3419
33770,3419
33771,3419
33772,3419
33773,3419
33774,3419
33775,3419
33776,3419
33777,3419
33778,3419
33779,3419
33780,3419
33781,3419
33782,3419
33783,3419
33784,3419
33785,3419
33786,3419
33787,3419
33788,3419
33789,3419
33790,3419
33791,3419
33792,3419
33793,3419
33794,3419
33795,3419
33796,3419
33797,3419
33798,3419
33799,3419
33800,3419
33801,3419
33802,3419
33803,3419
33804,3419
33805,3419
33806,3419
33807,3419
33808,3420
33809,3420
33810,3420
33811,3420
33812,3420
33813,3420
33814,3420
33815,3420
33816,3420
33817,3420
33818,3420
33819,3420
33820,3420
33821,3420
33822,3420
33823,3420
33824,3420
33825,3420
33826,3420
33827,3420
33828,3420
33829,3420
33830,3420
33831,3420
33832,3420
33833,3420
33834,3420
33835,3420
33836,3420
33837,3420
33838,3420
33839,3420
33840,3420
33841,3420
33842,3420
33843,3420
33844,3420
33845,3420
33846,3420
33847,3420
33848,3420
33849,3420
33850,3420
33851,3420
33852,3420
33853,3420
33854,3420
33855,3420
33856,3420
33857,3420
33858,3420
33859,3420
33860,3420
33861,3420
33862,3420
33863,3420
33864,3420
33865,3420
33866,3420
33867,3420
33868,3420
33869,3420
33870,3420
33871,3420
33872,3420
33873,3420
33874,3420
33875,3420
33876,3420
33877,3420
33878,3420
33879,3420
33880,3420
33881,3420
33882,3420
33883,3420
33884,3420
33885,3420
33886,3420
33887,3420
33888,3420
33889,3420
33890,3420
33891,3420
33892,3420
33893,3420
33894,3420
33895,3420
33896,3420
33897,3420
33898,3420
33899,3420
33900,3420
33901,3420
33902,3420
33903,3420
33904,3420
33905,3420
33906,3420
33907,3420
33908,3420
33909,3420
33910,3420
33911,3420
33912,3420
33913,3420
33914,3420
33915,3420
33916,3420
33917,3420
33918,3420
33919,3420
33920,3420
33921,3420
33922,3420
33923,3420
33924,3420
33925,3422
33926,3422
33927,3422
33928,3422
33929,3422
33930,3422
33931,3422
33932,3422
33933,3422
33934,3422
33935,3422
33936,3422
33937,3422
33938,3422
33939,3422
33940,3422
33941,3422
33942,3422
33943,3422
33944,3422
33945,3422
33946,3422
33947,3422
33948,3422
33949,3422
33950,3422
33951,3422
33952,3422
33953,3422
33954,3422
33955,3422
33956,3422
33957,3422
33958,3422
33959,3422
33960,3422
33961,3422
33962,3422
33963,3422
33964,3422
33965,3422
33966,3422
33967,3422
33968,3422
33969,3422
33970,3422
33971,3422
33972,3422
33973,3422
33974,3422
33975,3422
33976,3422
33977,3422
33978,3422
33979,3422
33980,3422
33981,3422
33982,3422
33983,3422
33984,3422
33985,3422
33986,3422
33987,3422
33988,3422
33989,3422
33990,3422
33991,3422
33992,3422
33993,3422
33994,3422
33995,3422
33996,3422
33997,3422
33998,3422
33999,3422
34000,3422
34001,3422
34002,3422
34003,3422
34004,3422
34005,3422
34006,3422
34007,3422
34008,3422
34009,3422
34010,3422
34011,3422
34012,3422
34013,3422
34014,3422
34015,3422
34016,3422
34017,3422
34018,3422
34019,3422
34020,3422
34021,3422
34022,3422
34023,3422
34024,3422
34025,3422
34026,3422
34027,3422
34028,3422
34029,3422
34030,3422
34031,3422
34032,3422
34033,3422
34034,3422
34035,3422
34036,3422
34037,3422
34038,3422
34039,3422
34040,3422
34041,3422
34042,3422
34043,3422
34044,3422
34045,3422
34046,3422
34047,3422
34048,3422
34049,3422
34050,3422
34051,3422
34052,3422
34053,3422
34054,3422
34055,3422
34056,3422
34057,3422
34058,3422
34059,3431
34060,3431
34061,3431
34062,3431
34063,3431
34064,3431
34065,3431
34066,3431
34067,3431
34068,3431
34069,3431
34070,3431
34071,3431
34072,3431
34073,3431
34074,3431
34075,3431
34076,3431
34077,3431
34078,3431
34079,3431
34080,3431
34081,3431
34082,3431
34083,3431
34084,3431
34085,3431
34086,3431
34087,3431
34088,3431
34089,3431
34090,3431
34091,3431
34092,3431
34093,3431
34094,3431
34095,3431
34096,3431
34097,3431
34098,3431
34099,3431
34100,3431
34101,3431
34102,3431
34103,3431
34104,3431
34105,3431
34106,3431
34107,3431
34108,3431
34109,3431
34110,3431
34111,3431
34112,3431
34113,3431
34114,3431
34115,3431
34116,3431
34117,3431
34118,3431
34119,3431
34120,3431
34121,3431
34122,3431
34123,3431
34124,3431
34125,3431
34126,3431
34127,3431
34128,3431
34129,3431
34130,3431
34131,3431
34132,3431
34133,3431
34134,3431
34135,3431
34136,3431
34137,3431
34138,3431
34139,3431
34140,3431
34141,3431
34142,3431
34143,3431
34144,3431
34145,3431
34146,3431
34147,3431
34148,3431
34149,3431
34150,3431
34151,3431
34152,3431
34153,3431
34154,3431
34155,3431
34156,3431
34157,3431
34158,3431
34159,3431
34160,3431
34161,3431
34162,3431
34163,3431
34164,3431
34165,3431
34166,3431
34167,3431
34168,3431
34169,3431
34170,3431
34171,3431
34172,3431
34173,3431
34174,3431
34175,3431
34176,3431
34177,3431
34178,3431
34179,3431
34180,3431
34181,3431
34182,3431
34183,3431
34184,3431
34185,3431
34186,3431
34187,3431
34188,3431
34189,3431
34190,3431
34191,3431
34192,3431
34193,3431
34194,3431
34195,3431
34196,3431
34197,3433
34198,3433
34199,3433
34200,3433
34201,3433
34202,3433
34203,3433
34204,3433
34205,3433
34206,3433
34207,3433
34208,3433
34209,3433
34210,3433
34211,3433
34212,3433
34213,3433
34214,3433
34215,3433
34216,3433
34217,3433
34218,3433
34219,3433
34220,3433
34221,3433
34222,3433
34223,3433
34224,3433
34225,3433
34226,3433
34227,3433
34228,3433
34229,3433
34230,3433
34231,3433
34232,3433
34233,3433
34234,3433
34235,3433
34236,3433
34237,3433
34238,3433
34239,3433
34240,3433
34241,3433
34242,3433
34243,3433
34244,3433
34245,3433
34246,3433
34247,3433
34248,3433
34249,3433
34250,3433
34251,3433
34252,3433
34253,3433
34254,3433
34255,3433
34256,3433
34257,3433
34258,3433
34259,3433
34260,3433
34261,3433
34262,3433
34263,3433
34264,3433
34265,3433
34266,3433
34267,3433
34268,3433
34269,3433
34270,3433
34271,3433
34272,3433
34273,3433
34274,3433
34275,3433
34276,3433
34277,3433
34278,3433
34279,3433
34280,3433
34281,3433
34282,3433
34283,3433
34284,3433
34285,3433
34286,3433
34287,3433
34288,3433
34289,3433
34290,3433
34291,3433
34292,3433
34293,3433
34294,3433
34295,3433
34296,3433
34297,3433
34298,3433
34299,3433
34300,3433
34301,3433
34302,3433
34303,3433
34304,3433
34305,3433
34306,3433
34307,3433
34308,3433
34309,3433
34310,3433
34311,3433
34312,3433
34313,3433
34314,3433
34315,3433
34316,3433
34317,3433
34318,3433
34319,3433
34320,3433
34321,3433
34322,3433
34323,3433
34324,3433
34325,3433
34326,3433
34327,3433
34328,3433
34329,3433
34330,3433
34331,3433
34332,3433
34333,3433
34334,3433
34335,3433
34336,3433
34337,3433
34338,3433
34339,3433
34340,3433
34341,3433
34342,3433
34343,3433
34344,3433
34345,3433
34346,3433
34347,3433
34348,3433
34349,3433
34350,3433
34351,3433
34352,3433
34353,3433
34354,3433
34355,3433
34356,3433
34357,3433
34358,3433
34359,3433
34360,3433
34361,3433
34362,3433
34363,3433
34364,3433
34365,3433
34366,3433
34367,3433
34368,3433
34369,3433
34370,3433
34371,3433
34372,3433
34373,3433
34374,3433
34375,3433
34376,3433
34377,3433
34378,3433
34379,3433
34380,3433
34381,3433
34382,3433
34383,3433
34384,3433
34385,3433
34386,3433
34387,3433
34388,3433
34389,3433
34390,3433
34391,3433
34392,3433
34393,3433
34394,3433
34395,3433
34396,3433
34397,3433
34398,3433
34399,3433
34400,3433
34401,3433
34402,3433
34403,3433
34404,3433
34405,3433
34406,3433
34407,3433
34408,3437
34409,3437
34410,3437
34411,3437
34412,3437
34413,3437
34414,3437
34415,3437
34416,3437
34417,3437
34418,3437
34419,3437
34420,3437
34421,3437
34422,3437
34423,3437
34424,3437
34425,3437
34426,3437
34427,3437
34428,3437
34429,3437
34430,3437
34431,3437
34432,3437
34433,3437
34434,3437
34435,3437
34436,3437
34437,3437
34438,3437
34439,3437
34440,3437
34441,3437
34442,3437
34443,3437
34444,3437
34445,3437
34446,3437
34447,3437
34448,3437
34449,3437
34450,3437
34451,3437
34452,3437
34453,3437
34454,3437
34455,3437
34456,3437
34457,3437
34458,3437
34459,3437
34460,3437
34461,3437
34462,3437
34463,3437
34464,3437
34465,3437
34466,3437
34467,3437
34468,3437
34469,3437
34470,3437
34471,3437
34472,3437
34473,3437
34474,3437
34475,3437
34476,3437
34477,3437
34478,3437
34479,3437
34480,3437
34481,3437
34482,3437
34483,3437
34484,3437
34485,3437
34486,3437
34487,3437
34488,3437
34489,3437
34490,3437
34491,3437
34492,3437
34493,3437
34494,3437
34495,3437
34496,3437
34497,3437
34498,3437
34499,3437
34500,3437
34501,3437
34502,3437
34503,3437
34504,3437
34505,3437
34506,3437
34507,3437
34508,3437
34509,3437
34510,3437
34511,3437
34512,3437
34513,3437
34514,3437
34515,3437
34516,3437
34517,3437
34518,3437
34519,3437
34520,3437
34521,3437
34522,3437
34523,3437
34524,3437
34525,3437
34526,3437
34527,3437
34528,3437
34529,3437
34530,3437
34531,3437
34532,3437
34533,3437
34534,3437
34535,3437
34536,3437
34537,3437
34538,3437
34539,3437
34540,3437
34541,3437
34542,3437
34543,3437
34544,3437
34545,3437
34546,3437
34547,3437
34548,3437
34549,3437
34550,3437
34551,3437
34552,3437
34553,3437
34554,3437
34555,3437
34556,3437
34557,3437
34558,3437
34559,3437
34560,3437
34561,3437
34562,3437
34563,3437
34564,3437
34565,3437
34566,3437
34567,3437
34568,3437
34569,3437
34570,3437
34571,3437
34572,3437
34573,3437
34574,3437
34575,3437
34576,3437
34577,3437
34578,3437
34579,3437
34580,3438
34581,3438
34582,3442
34583,3442
34584,3442
34585,3442
34586,3442
34587,3442
34588,3442
34589,3442
34590,3442
34591,3442
34592,3442
34593,3442
34594,3442
34595,3442
34596,3442
34597,3442
34598,3442
34599,3442
34600,3442
34601,3442
34602,3442
34603,3442
34604,3442
34605,3442
34606,3442
34607,3442
34608,3442
34609,3442
34610,3442
34611,3442
34612,3442
34613,3442
34614,3442
34615,3442
34616,3442
34617,3442
34618,3442
34619,3442
34620,3442
34621,3442
34622,3442
34623,3442
34624,3442
34625,3442
34626,3442
34627,3442
34628,3442
34629,3442
34630,3442
34631,3442
34632,3442
34633,3442
34634,3442
34635,3442
34636,3442
34637,3442
34638,3442
34639,3442
34640,3442
34641,3442
34642,3442
34643,3442
34644,3442
34645,3442
34646,3442
34647,3442
34648,3442
34649,3442
34650,3442
34651,3442
34652,3442
34653,3442
34654,3442
34655,3442
34656,3442
34657,3442
34658,3442
34659,3442
34660,3442
34661,3442
34662,3442
34663,3442
34664,3442
34665,3442
34666,3442
34667,3442
34668,3442
34669,3442
34670,3442
34671,3442
34672,3442
34673,3442
34674,3442
34675,3442
34676,3442
34677,3442
34678,3442
34679,3442
34680,3442
34681,3442
34682,3442
34683,3442
34684,3442
34685,3442
34686,3442
34687,3442
34688,3442
34689,3442
34690,3442
34691,3442
34692,3442
34693,3442
34694,3442
34695,3442
34696,3442
34697,3442
34698,3442
34699,3442
34700,3442
34701,3442
34702,3442
34703,3442
34704,3442
34705,3442
34706,3442
34707,3442
34708,3442
34709,3442
34710,3442
34711,3442
34712,3442
34713,3442
34714,3442
34715,3442
34716,3442
34717,3442
34718,3442
34719,3442
34720,3442
34721,3442
34722,3442
34723,3442
34724,3442
34725,3442
34726,3442
34727,3442
34728,3442
34729,3442
34730,3442
34731,3442
34732,3442
34733,3442
34734,3442
34735,3442
34736,3442
34737,3442
34738,3442
34739,3442
34740,3442
34741,3442
34742,3442
34743,3442
34744,3442
34745,3442
34746,3442
34747,3442
34748,3442
34749,3442
34750,3442
34751,3442
34752,3442
34753,3442
34754,3442
34755,3442
34756,3442
34757,3442
34758,3442
34759,3442
34760,3442
34761,3442
34762,3442
34763,3442
34764,3442
34765,3442
34766,3442
34767,3442
34768,3442
34769,3442
34770,3442
34771,3442
34772,3442
34773,3442
34774,3442
34775,3442
34776,3442
34777,3442
34778,3442
34779,3442
34780,3442
34781,3442
34782,3442
34783,3442
34784,3442
34785,3442
34786,3442
34787,3442
34788,3442
34789,3442
34790,3442
34791,3442
34792,3442
34793,3442
34794,3442
34795,3442
34796,3442
34797,3446
34798,3446
34799,3446
34800,3446
34801,3446
34802,3446
34803,3446
34804,3446
34805,3446
34806,3462
34807,3462
34808,3462
34809,3462
34810,3462
34811,3462
34812,3462
34813,3462
34814,3462
34815,3462
34816,3462
34817,3462
34818,3462
34819,3462
34820,3462
34821,3462
34822,3462
34823,3462
34824,3462
34825,3462
34826,3462
34827,3462
34828,3462
34829,3462
34830,3462
34831,3462
34832,3462
34833,3462
34834,3462
34835,3462
34836,3462
34837,3462
34838,3462
34839,3462
34840,3462
34841,3462
34842,3462
34843,3462
34844,3462
34845,3462
34846,3462
34847,3462
34848,3462
34849,3462
34850,3462
34851,3462
34852,3462
34853,3462
34854,3462
34855,3462
34856,3462
34857,3462
34858,3462
34859,3462
34860,3462
34861,3462
34862,3462
34863,3462
34864,3462
34865,3462
34866,3462
34867,3462
34868,3462
34869,3462
34870,3462
34871,3462
34872,3462
34873,3462
34874,3462
34875,3462
34876,3462
34877,3462
34878,3462
34879,3462
34880,3462
34881,3462
34882,3462
34883,3469
34884,3469
34885,3469
34886,3469
34887,3469
34888,3469
34889,3469
34890,3469
34891,3469
34892,3469
34893,3469
34894,3469
34895,3469
34896,3469
34897,3469
34898,3469
34899,3469
34900,3469
34901,3469
34902,3469
34903,3469
34904,3469
34905,3469
34906,3469
34907,3469
34908,3469
34909,3469
34910,3469
34911,3469
34912,3469
34913,3469
34914,3469
34915,3469
34916,3469
34917,3469
34918,3469
34919,3469
34920,3469
34921,3469
34922,3469
34923,3469
34924,3469
34925,3469
34926,3469
34927,3469
34928,3469
34929,3469
34930,3469
34931,3469
34932,3469
34933,3469
34934,3469
34935,3469
34936,3469
34937,3469
34938,3469
34939,3469
34940,3469
34941,3469
34942,3469
34943,3469
34944,3469
34945,3469
34946,3469
34947,3469
34948,3469
34949,3469
34950,3469
34951,3469
34952,3469
34953,3469
34954,3469
34955,3469
34956,3469
34957,3469
34958,3469
34959,3469
34960,3469
34961,3469
34962,3469
34963,3469
34964,3469
34965,3469
34966,3469
34967,3469
34968,3469
34969,3469
34970,3469
34971,3469
34972,3469
34973,3469
34974,3469
34975,3469
34976,3469
34977,3469
34978,3469
34979,3469
34980,3469
34981,3469
34982,3469
34983,3469
34984,3469
34985,3469
34986,3469
34987,3469
34988,3469
34989,3469
34990,3469
34991,3469
34992,3469
34993,3469
34994,3469
34995,3469
34996,3469
34997,3469
34998,3469
34999,3469
35000,3469
35001,3469
35002,3469
35003,3469
35004,3469
35005,3469
35006,3469
35007,3489
35008,3489
35009,3489
35010,3489
35011,3489
35012,3489
35013,3489
35014,3489
35015,3489
35016,3489
35017,3489
35018,3489
35019,3489
35020,3489
35021,3489
35022,3489
35023,3489
35024,3489
35025,3489
35026,3489
35027,3489
35028,3489
35029,3489
35030,3489
35031,3489
35032,3489
35033,3489
35034,3489
35035,3489
35036,3489
35037,3489
35038,3489
35039,3489
35040,3489
35041,3489
35042,3489
35043,3489
35044,3489
35045,3489
35046,3489
35047,3489
35048,3489
35049,3489
35050,3489
35051,3489
35052,3489
35053,3489
35054,3489
35055,3489
35056,3489
35057,3489
35058,3489
35059,3489
35060,3489
35061,3489
35062,3489
35063,3489
35064,3489
35065,3489
35066,3489
35067,3489
35068,3489
35069,3489
35070,3489
35071,3489
35072,3489
35073,3489
35074,3489
35075,3489
35076,3489
35077,3489
35078,3489
35079,3489
35080,3489
35081,3489
35082,3489
35083,3489
35084,3489
35085,3489
35086,3489
35087,3489
35088,3489
35089,3489
35090,3489
35091,3489
35092,3489
35093,3489
35094,3489
35095,3489
35096,3489
35097,3489
35098,3489
35099,3489
35100,3489
35101,3489
35102,3489
35103,3489
35104,3489
35105,3489
35106,3489
35107,3489
35108,3489
35109,3489
35110,3489
35111,3489
35112,3489
35113,3489
35114,3489
35115,3489
35116,3489
35117,3489
35118,3489
35119,3489
35120,3489
35121,3489
35122,3489
35123,3489
35124,3489
35125,3489
35126,3489
35127,3489
35128,3489
35129,3489
35130,3489
35131,3489
35132,3489
35133,3489
35134,3489
35135,3489
35136,3489
35137,3489
35138,3489
35139,3489
35140,3489
35141,3489
35142,3489
35143,3489
35144,3489
35145,3489
35146,3489
35147,3489
35148,3489
35149,3489
35150,3489
35151,3489
35152,3489
35153,3489
35154,3489
35155,3489
35156,3489
35157,3489
35158,3489
35159,3489
35160,3489
35161,3489
35162,3489
35163,3489
35164,3489
35165,3489
35166,3489
35167,3489
35168,3489
35169,3489
35170,3489
35171,3489
35172,3489
35173,3489
35174,3489
35175,3489
35176,3489
35177,3489
35178,3489
35179,3489
35180,3489
35181,3489
35182,3489
35183,3489
35184,3489
35185,3489
35186,3489
35187,3489
35188,3489
35189,3489
35190,3489
35191,3489
35192,3489
35193,3489
35194,3489
35195,3489
35196,3489
35197,3489
35198,3489
35199,3489
35200,3489
35201,3489
35202,3489
35203,3489
35204,3489
35205,3489
35206,3489
35207,3489
35208,3489
35209,3489
35210,3489
35211,3489
35212,3489
35213,3489
35214,3489
35215,3489
35216,3489
35217,3489
35218,3489
35219,3489
35220,3489
35221,3489
35222,3489
35223,3489
35224,3489
35225,3489
35226,3489
35227,3489
35228,3489
35229,3489
35230,3489
35231,3489
35232,3489
35233,3489
35234,3489
35235,3489
35236,3489
35237,3489
35238,3489
35239,3489
35240,3489
35241,3489
35242,3489
35243,3489
35244,3489
35245,3489
35246,3489
35247,3489
35248,3489
35249,3489
35250,3489
35251,3489
35252,3489
35253,3489
35254,3489
35255,3489
35256,3489
35257,3489
35258,3489
35259,3489
35260,3489
35261,3489
35262,3489
35263,3489
35264,3489
35265,3489
35266,3489
35267,3489
35268,3489
35269,3489
35270,3489
35271,3489
35272,3489
35273,3489
35274,3502
35275,3502
35276,3502
35277,3502
35278,3502
35279,3502
35280,3502
35281,3502
35282,3502
35283,3502
35284,3502
35285,3502
35286,3502
35287,3502
35288,3502
35289,3502
35290,3502
35291,3502
35292,3502
35293,3502
35294,3502
35295,3502
35296,3502
35297,3502
35298,3502
35299,3502
35300,3502
35301,3502
35302,3502
35303,3502
35304,3502
35305,3502
35306,3502
35307,3502
35308,3502
35309,3502
35310,3502
35311,3502
35312,3502
35313,3502
35314,3502
35315,3502
35316,3502
35317,3502
35318,3502
35319,3502
35320,3502
35321,3502
35322,3502
35323,3502
35324,3502
35325,3502
35326,3502
35327,3503
35328,3503
35329,3503
35330,3503
35331,3503
35332,3503
35333,3503
35334,3503
35335,3503
35336,3503
35337,3503
35338,3503
35339,3503
35340,3503
35341,3503
35342,3503
35343,3503
35344,3503
35345,3503
35346,3503
35347,3503
35348,3503
35349,3503
35350,3503
35351,3503
35352,3503
35353,3503
35354,3503
35355,3503
35356,3503
35357,3503
35358,3503
35359,3503
35360,3503
35361,3503
35362,3503
35363,3503
35364,3503
35365,3503
35366,3503
35367,3503
35368,3503
35369,3503
35370,3503
35371,3503
35372,3503
35373,3503
35374,3503
35375,3503
35376,3503
35377,3503
35378,3503
35379,3503
35380,3503
35381,3503
35382,3503
35383,3503
35384,3503
35385,3503
35386,3503
35387,3503
35388,3503
35389,3503
35390,3503
35391,3503
35392,3503
35393,3503
35394,3503
35395,3503
35396,3503
35397,3503
35398,3503
35399,3503
35400,3503
35401,3503
35402,3503
35403,3503
35404,3503
35405,3503
35406,3503
35407,3503
35408,3503
35409,3503
35410,3503
35411,3503
35412,3503
35413,3503
35414,3503
35415,3503
35416,3503
35417,3503
35418,3503
35419,3503
35420,3503
35421,3503
35422,3503
35423,3503
35424,3503
35425,3503
35426,3503
35427,3503
35428,3503
35429,3503
35430,3503
35431,3503
35432,3503
35433,3503
35434,3503
35435,3503
35436,3503
35437,3503
35438,3503
35439,3503
35440,3503
35441,3503
35442,3503
35443,3503
35444,3503
35445,3503
35446,3503
35447,3503
35448,3503
35449,3503
35450,3503
35451,3503
35452,3503
35453,3503
35454,3503
35455,3503
35456,3503
35457,3503
35458,3503
35459,3503
35460,3503
35461,3503
35462,3503
35463,3503
35464,3503
35465,3503
35466,3503
35467,3503
35468,3503
35469,3503
35470,3503
35471,3503
35472,3503
35473,3503
35474,3503
35475,3503
35476,3503
35477,3503
35478,3503
35479,3503
35480,3503
35481,3503
35482,3503
35483,3503
35484,3503
35485,3503
35486,3503
35487,3503
35488,3503
35489,3503
35490,3503
35491,3503
35492,3503
35493,3503
35494,3503
35495,3503
35496,3503
35497,3503
35498,3503
35499,3503
35500,3503
35501,3503
35502,3503
35503,3503
35504,3503
35505,3503
35506,3503
35507,3503
35508,3503
35509,3503
35510,3503
35511,3503
35512,3503
35513,3503
35514,3503
35515,3503
35516,3503
35517,3503
35518,3503
35519,3503
35520,3503
35521,3503
35522,3503
35523,3503
35524,3503
35525,3503
35526,3503
35527,3503
35528,3503
35529,3503
35530,3503
35531,3503
35532,3503
35533,3503
35534,3503
35535,3503
35536,3503
35537,3503
35538,3503
35539,3503
35540,3503
35541,3503
35542,3503
35543,3503
35544,3503
35545,3503
35546,3503
35547,3503
35548,3503
35549,3503
35550,3503
35551,3503
35552,3503
35553,3503
35554,3503
35555,3503
35556,3503
35557,3503
35558,3503
35559,3503
35560,3503
35561,3503
35562,3503
35563,3503
35564,3503
35565,3503
35566,3503
35567,3503
35568,3503
35569,3503
35570,3503
35571,3503
35572,3503
35573,3503
35574,3503
35575,3503
35576,3503
35577,3503
35578,3503
35579,3503
35580,3503
35581,3503
35582,3503
35583,3503
35584,3503
35585,3503
35586,3503
35587,3503
35588,3503
35589,3503
35590,3503
35591,3503
35592,3503
35593,3503
35594,3503
35595,3503
35596,3503
35597,3503
35598,3503
35599,3503
35600,3503
35601,3503
35602,3503
35603,3503
35604,3503
35605,3503
35606,3503
35607,3503
35608,3503
35609,3503
35610,3503
35611,3503
35612,3503
35613,3503
35614,3503
35615,3503
35616,3503
35617,3503
35618,3503
35619,3503
35620,3503
35621,3503
35622,3503
35623,3503
35624,3503
35625,3503
35626,3503
35627,3503
35628,3503
35629,3503
35630,3503
35631,3503
35632,3503
35633,3503
35634,3503
35635,3503
35636,3503
35637,3503
35638,3503
35639,3503
35640,3503
35641,3503
35642,3503
35643,3503
35644,3503
35645,3503
35646,3503
35647,3503
35648,3503
35649,3503
35650,3503
35651,3503
35652,3503
35653,3503
35654,3503
35655,3503
35656,3503
35657,3503
35658,3503
35659,3503
35660,3503
35661,3503
35662,3503
35663,3503
35664,3503
35665,3503
35666,3503
35667,3503
35668,3503
35669,3503
35670,3503
35671,3503
35672,3503
35673,3503
35674,3503
35675,3503
35676,3503
35677,3503
35678,3503
35679,3503
35680,3503
35681,3503
35682,3503
35683,3503
35684,3503
35685,3503
35686,3503
35687,3503
35688,3503
35689,3503
35690,3503
35691,3503
35692,3503
35693,3503
35694,3503
35695,3503
35696,3503
35697,3503
35698,3503
35699,3503
35700,3503
35701,3503
35702,3503
35703,3503
35704,3503
35705,3503
35706,3503
35707,3503
35708,3503
35709,3503
35710,3503
35711,3503
35712,3503
35713,3503
35714,3503
35715,3503
35716,3503
35717,3503
35718,3503
35719,3503
35720,3503
35721,3503
35722,3503
35723,3503
35724,3503
35725,3503
35726,3503
35727,3503
35728,3503
35729,3503
35730,3503
35731,3503
35732,3503
35733,3503
35734,3503
35735,3503
35736,3503
35737,3503
35738,3503
35739,3503
35740,3503
35741,3503
35742,3503
35743,3503
35744,3503
35745,3503
35746,3503
35747,3503
35748,3503
35749,3503
35750,3503
35751,3503
35752,3503
35753,3503
35754,3503
35755,3503
35756,3503
35757,3503
35758,3503
35759,3503
35760,3503
35761,3503
35762,3503
35763,3503
35764,3503
35765,3503
35766,3503
35767,3503
35768,3503
35769,3503
35770,3503
35771,3503
35772,3503
35773,3503
35774,3503
35775,3503
35776,3503
35777,3503
35778,3503
35779,3503
35780,3503
35781,3503
35782,3503
35783,3503
35784,3503
35785,3503
35786,3503
35787,3503
35788,3503
35789,3503
35790,3503
35791,3503
35792,3503
35793,3503
35794,3503
35795,3503
35796,3503
35797,3503
35798,3503
35799,3503
35800,3503
35801,3503
35802,3503
35803,3503
35804,3503
35805,3503
35806,3503
35807,3503
35808,3503
35809,3503
35810,3503
35811,3503
35812,3503
35813,3503
35814,3503
35815,3503
35816,3503
35817,3503
35818,3503
35819,3503
35820,3503
35821,3503
35822,3503
35823,3503
35824,3503
35825,3503
35826,3503
35827,3503
35828,3503
35829,3503
35830,3503
35831,3503
35832,3503
35833,3503
35834,3503
35835,3503
35836,3503
35837,3503
35838,3503
35839,3503
35840,3503
35841,3503
35842,3503
35843,3503
35844,3503
35845,3503
35846,3503
35847,3503
35848,3503
35849,3503
35850,3503
35851,3503
35852,3503
35853,3503
35854,3503
35855,3503
35856,3503
35857,3503
35858,3503
35859,3503
35860,3503
35861,3503
35862,3503
35863,3503
35864,3503
35865,3503
35866,3503
35867,3503
35868,3503
35869,3503
35870,3503
35871,3503
35872,3503
35873,3503
35874,3503
35875,3503
35876,3503
35877,3503
35878,3503
35879,3503
35880,3503
35881,3503
35882,3503
35883,3503
35884,3503
35885,3503
35886,3503
35887,3503
35888,3503
35889,3503
35890,3503
35891,3503
35892,3503
35893,3503
35894,3503
35895,3503
35896,3503
35897,3503
35898,3503
35899,3503
35900,3503
35901,3503
35902,3503
35903,3503
35904,3503
35905,3503
35906,3503
35907,3503
35908,3503
35909,3503
35910,3503
35911,3503
35912,3503
35913,3503
35914,3503
35915,3503
35916,3503
35917,3503
35918,3503
35919,3503
35920,3503
35921,3503
35922,3503
35923,3503
35924,3503
35925,3503
35926,3503
35927,3503
35928,3503
35929,3503
35930,3503
35931,3503
35932,3503
35933,3503
35934,3503
35935,3503
35936,3503
35937,3503
35938,3503
35939,3503
35940,3503
35941,3503
35942,3503
35943,3503
35944,3503
35945,3503
35946,3503
35947,3503
35948,3503
35949,3503
35950,3503
35951,3503
35952,3503
35953,3503
35954,3503
35955,3503
35956,3503
35957,3503
35958,3503
35959,3503
35960,3503
35961,3503
35962,3503
35963,3503
35964,3503
35965,3503
35966,3503
35967,3503
35968,3503
35969,3503
35970,3503
35971,3503
35972,3503
35973,3503
35974,3503
35975,3503
35976,3503
35977,3503
35978,3503
35979,3503
35980,3503
35981,3503
35982,3503
35983,3503
35984,3503
35985,3503
35986,3503
35987,3503
35988,3503
35989,3503
35990,3503
35991,3503
35992,3503
35993,3510
35994,3510
35995,3510
35996,3510
35997,3510
35998,3510
35999,3510
36000,3510
36001,3510
36002,3510
36003,3510
36004,3510
36005,3510
36006,3510
36007,3510
36008,3510
36009,3510
36010,3510
36011,3510
36012,3510
36013,3510
36014,3510
36015,3510
36016,3510
36017,3510
36018,3510
36019,3510
36020,3510
36021,3510
36022,3510
36023,3510
36024,3510
36025,3510
36026,3510
36027,3510
36028,3510
36029,3510
36030,3510
36031,3510
36032,3510
36033,3510
36034,3510
36035,3510
36036,3510
36037,3510
36038,3510
36039,3510
36040,3510
36041,3510
36042,3510
36043,3510
36044,3510
36045,3510
36046,3510
36047,3510
36048,3510
36049,3510
36050,3510
36051,3510
36052,3510
36053,3510
36054,3510
36055,3510
36056,3510
36057,3510
36058,3510
36059,3510
36060,3510
36061,3510
36062,3510
36063,3510
36064,3510
36065,3510
36066,3510
36067,3510
36068,3510
36069,3510
36070,3510
36071,3510
36072,3510
36073,3510
36074,3510
36075,3510
36076,3510
36077,3510
36078,3510
36079,3510
36080,3510
36081,3510
36082,3510
36083,3510
36084,3510
36085,3510
36086,3510
36087,3510
36088,3510
36089,3510
36090,3510
36091,3510
36092,3510
36093,3510
36094,3510
36095,3510
36096,3510
36097,3510
36098,3510
36099,3510
36100,3510
36101,3510
36102,3510
36103,3510
36104,3510
36105,3510
36106,3510
36107,3510
36108,3510
36109,3510
36110,3510
36111,3510
36112,3510
36113,3510
36114,3510
36115,3510
36116,3510
36117,3510
36118,3510
36119,3510
36120,3510
36121,3510
36122,3510
36123,3510
36124,3510
36125,3510
36126,3510
36127,3510
36128,3510
36129,3510
36130,3510
36131,3510
36132,3510
36133,3510
36134,3510
36135,3510
36136,3510
36137,3510
36138,3510
36139,3510
36140,3510
36141,3510
36142,3510
36143,3510
36144,3510
36145,3510
36146,3510
36147,3510
36148,3510
36149,3510
36150,3510
36151,3510
36152,3510
36153,3510
36154,3510
36155,3510
36156,3510
36157,3510
36158,3510
36159,3510
36160,3510
36161,3510
36162,3510
36163,3510
36164,3510
36165,3510
36166,3510
36167,3510
36168,3510
36169,3510
36170,3510
36171,3510
36172,3510
36173,3510
36174,3510
36175,3510
36176,3510
36177,3510
36178,3510
36179,3510
36180,3510
36181,3510
36182,3510
36183,3510
36184,3510
36185,3510
36186,3510
36187,3510
36188,3510
36189,3510
36190,3510
36191,3510
36192,3510
36193,3510
36194,3510
36195,3510
36196,3510
36197,3510
36198,3510
36199,3510
36200,3510
36201,3510
36202,3512
36203,3512
36204,3512
36205,3512
36206,3512
36207,3512
36208,3512
36209,3512
36210,3512
36211,3512
36212,3512
36213,3512
36214,3512
36215,3512
36216,3512
36217,3512
36218,3512
36219,3512
36220,3512
36221,3512
36222,3512
36223,3512
36224,3512
36225,3512
36226,3512
36227,3512
36228,3512
36229,3512
36230,3512
36231,3512
36232,3512
36233,3512
36234,3512
36235,3512
36236,3512
36237,3512
36238,3512
36239,3512
36240,3512
36241,3512
36242,3512
36243,3512
36244,3512
36245,3512
36246,3512
36247,3512
36248,3512
36249,3512
36250,3512
36251,3512
36252,3512
36253,3512
36254,3512
36255,3512
36256,3512
36257,3512
36258,3512
36259,3512
36260,3512
36261,3512
36262,3512
36263,3512
36264,3512
36265,3512
36266,3512
36267,3512
36268,3512
36269,3512
36270,3512
36271,3512
36272,3512
36273,3512
36274,3512
36275,3512
36276,3512
36277,3512
36278,3512
36279,3512
36280,3512
36281,3512
36282,3512
36283,3512
36284,3512
36285,3512
36286,3512
36287,3512
36288,3512
36289,3512
36290,3512
36291,3512
36292,3512
36293,3512
36294,3512
36295,3512
36296,3512
36297,3512
36298,3512
36299,3512
36300,3512
36301,3512
36302,3512
36303,3512
36304,3512
36305,3512
36306,3512
36307,3512
36308,3512
36309,3512
36310,3512
36311,3512
36312,3512
36313,3512
36314,3512
36315,3512
36316,3512
36317,3512
36318,3512
36319,3512
36320,3512
36321,3512
36322,3512
36323,3512
36324,3512
36325,3512
36326,3512
36327,3512
36328,3512
36329,3512
36330,3512
36331,3512
36332,3512
36333,3512
36334,3512
36335,3512
36336,3512
36337,3512
36338,3512
36339,3512
36340,3512
36341,3512
36342,3512
36343,3512
36344,3512
36345,3512
36346,3512
36347,3512
36348,3512
36349,3512
36350,3512
36351,3512
36352,3512
36353,3512
36354,3512
36355,3512
36356,3512
36357,3512
36358,3512
36359,3512
36360,3512
36361,3512
36362,3512
36363,3512
36364,3512
36365,3512
36366,3512
36367,3512
36368,3512
36369,3512
36370,3512
36371,3512
36372,3512
36373,3512
36374,3512
36375,3512
36376,3512
36377,3512
36378,3512
36379,3512
36380,3512
36381,3512
36382,3512
36383,3512
36384,3512
36385,3512
36386,3512
36387,3512
36388,3512
36389,3512
36390,3512
36391,3512
36392,3512
36393,3512
36394,3512
36395,3512
36396,3512
36397,3512
36398,3512
36399,3512
36400,3512
36401,3512
36402,3512
36403,3512
36404,3512
36405,3512
36406,3512
36407,3512
36408,3512
36409,3512
36410,3512
36411,3512
36412,3512
36413,3512
36414,3512
36415,3512
36416,3512
36417,3512
36418,3512
36419,3512
36420,3512
36421,3512
36422,3512
36423,3512
36424,3512
36425,3512
36426,3512
36427,3512
36428,3512
36429,3512
36430,3512
36431,3512
36432,3512
36433,3512
36434,3512
36435,3512
36436,3512
36437,3512
36438,3512
36439,3512
36440,3512
36441,3512
36442,3512
36443,3512
36444,3512
36445,3512
36446,3512
36447,3512
36448,3512
36449,3512
36450,3512
36451,3512
36452,3512
36453,3512
36454,3512
36455,3512
36456,3512
36457,3512
36458,3512
36459,3512
36460,3512
36461,3512
36462,3512
36463,3512
36464,3512
36465,3512
36466,3512
36467,3512
36468,3512
36469,3516
36470,3516
36471,3516
36472,3516
36473,3516
36474,3516
36475,3516
36476,3516
36477,3516
36478,3516
36479,3516
36480,3516
36481,3516
36482,3516
36483,3516
36484,3516
36485,3516
36486,3516
36487,3516
36488,3516
36489,3516
36490,3516
36491,3516
36492,3516
36493,3516
36494,3516
36495,3516
36496,3516
36497,3516
36498,3516
36499,3516
36500,3516
36501,3516
36502,3516
36503,3516
36504,3516
36505,3516
36506,3516
36507,3517
36508,3517
36509,3517
36510,3517
36511,3517
36512,3517
36513,3517
36514,3517
36515,3517
36516,3517
36517,3517
36518,3517
36519,3517
36520,3517
36521,3517
36522,3517
36523,3517
36524,3517
36525,3517
36526,3517
36527,3517
36528,3517
36529,3517
36530,3517
36531,3517
36532,3517
36533,3517
36534,3517
36535,3517
36536,3517
36537,3517
36538,3517
36539,3517
36540,3517
36541,3517
36542,3517
36543,3517
36544,3517
36545,3517
36546,3517
36547,3517
36548,3517
36549,3517
36550,3517
36551,3517
36552,3517
36553,3517
36554,3517
36555,3517
36556,3517
36557,3517
36558,3517
36559,3517
36560,3517
36561,3517
36562,3517
36563,3517
36564,3517
36565,3517
36566,3517
36567,3517
36568,3517
36569,3517
36570,3517
36571,3517
36572,3517
36573,3517
36574,3517
36575,3517
36576,3517
36577,3517
36578,3517
36579,3517
36580,3517
36581,3517
36582,3517
36583,3517
36584,3517
36585,3517
36586,3517
36587,3517
36588,3517
36589,3517
36590,3517
36591,3517
36592,3517
36593,3517
36594,3517
36595,3517
36596,3517
36597,3517
36598,3517
36599,3520
36600,3520
36601,3520
36602,3520
36603,3520
36604,3520
36605,3520
36606,3520
36607,3520
36608,3520
36609,3520
36610,3520
36611,3520
36612,3520
36613,3520
36614,3520
36615,3520
36616,3520
36617,3520
36618,3520
36619,3520
36620,3520
36621,3520
36622,3520
36623,3520
36624,3520
36625,3520
36626,3520
36627,3520
36628,3520
36629,3520
36630,3520
36631,3520
36632,3520
36633,3520
36634,3520
36635,3520
36636,3520
36637,3520
36638,3520
36639,3520
36640,3520
36641,3520
36642,3520
36643,3520
36644,3520
36645,3520
36646,3520
36647,3520
36648,3520
36649,3520
36650,3520
36651,3520
36652,3520
36653,3520
36654,3520
36655,3520
36656,3520
36657,3520
36658,3522
36659,3522
36660,3522
36661,3522
36662,3522
36663,3522
36664,3522
36665,3522
36666,3522
36667,3522
36668,3522
36669,3522
36670,3522
36671,3522
36672,3522
36673,3522
36674,3522
36675,3522
36676,3522
36677,3522
36678,3522
36679,3522
36680,3522
36681,3522
36682,3522
36683,3522
36684,3522
36685,3522
36686,3522
36687,3522
36688,3522
36689,3522
36690,3522
36691,3522
36692,3522
36693,3522
36694,3522
36695,3522
36696,3522
36697,3522
36698,3522
36699,3522
36700,3522
36701,3522
36702,3522
36703,3522
36704,3522
36705,3522
36706,3522
36707,3522
36708,3522
36709,3522
36710,3522
36711,3522
36712,3522
36713,3522
36714,3522
36715,3522
36716,3522
36717,3522
36718,3522
36719,3522
36720,3522
36721,3522
36722,3522
36723,3522
36724,3522
36725,3522
36726,3522
36727,3522
36728,3522
36729,3522
36730,3522
36731,3522
36732,3522
36733,3522
36734,3522
36735,3522
36736,3522
36737,3522
36738,3522
36739,3522
36740,3522
36741,3522
36742,3522
36743,3522
36744,3522
36745,3522
36746,3522
36747,3522
36748,3522
36749,3522
36750,3522
36751,3522
36752,3522
36753,3522
36754,3522
36755,3522
36756,3522
36757,3522
36758,3522
36759,3522
36760,3522
36761,3522
36762,3522
36763,3522
36764,3522
36765,3522
36766,3522
36767,3522
36768,3522
36769,3522
36770,3522
36771,3522
36772,3522
36773,3522
36774,3522
36775,3522
36776,3522
36777,3522
36778,3522
36779,3522
36780,3522
36781,3522
36782,3522
36783,3522
36784,3522
36785,3522
36786,3522
36787,3522
36788,3522
36789,3522
36790,3522
36791,3522
36792,3522
36793,3522
36794,3522
36795,3522
36796,3522
36797,3522
36798,3522
36799,3522
36800,3522
36801,3522
36802,3522
36803,3522
36804,3522
36805,3522
36806,3522
36807,3522
36808,3522
36809,3522
36810,3522
36811,3522
36812,3522
36813,3522
36814,3522
36815,3522
36816,3522
36817,3522
36818,3522
36819,3522
36820,3522
36821,3522
36822,3522
36823,3522
36824,3522
36825,3522
36826,3522
36827,3522
36828,3522
36829,3522
36830,3522
36831,3522
36832,3522
36833,3522
36834,3522
36835,3522
36836,3522
36837,3522
36838,3522
36839,3522
36840,3522
36841,3522
36842,3522
36843,3522
36844,3522
36845,3522
36846,3522
36847,3522
36848,3522
36849,3522
36850,3522
36851,3522
36852,3522
36853,3522
36854,3522
36855,3522
36856,3522
36857,3522
36858,3522
36859,3522
36860,3522
36861,3522
36862,3522
36863,3522
36864,3522
36865,3522
36866,3522
36867,3522
36868,3522
36869,3522
36870,3522
36871,3522
36872,3522
36873,3522
36874,3522
36875,3522
36876,3522
36877,3522
36878,3522
36879,3522
36880,3522
36881,3522
36882,3522
36883,3522
36884,3522
36885,3522
36886,3522
36887,3522
36888,3522
36889,3522
36890,3522
36891,3522
36892,3522
36893,3522
36894,3522
36895,3522
36896,3522
36897,3522
36898,3522
36899,3522
36900,3522
36901,3522
36902,3522
36903,3522
36904,3522
36905,3522
36906,3522
36907,3522
36908,3522
36909,3522
36910,3522
36911,3522
36912,3522
36913,3522
36914,3522
36915,3522
36916,3522
36917,3522
36918,3522
36919,3522
36920,3522
36921,3522
36922,3522
36923,3522
36924,3522
36925,3522
36926,3522
36927,3522
36928,3522
36929,3522
36930,3522
36931,3522
36932,3522
36933,3522
36934,3522
36935,3522
36936,3522
36937,3522
36938,3522
36939,3522
36940,3522
36941,3522
36942,3522
36943,3522
36944,3522
36945,3522
36946,3522
36947,3522
36948,3522
36949,3522
36950,3522
36951,3522
36952,3522
36953,3522
36954,3522
36955,3522
36956,3522
36957,3522
36958,3522
36959,3522
36960,3522
36961,3522
36962,3522
36963,3522
36964,3522
36965,3522
36966,3522
36967,3522
36968,3522
36969,3522
36970,3522
36971,3522
36972,3522
36973,3522
36974,3522
36975,3522
36976,3522
36977,3522
36978,3522
36979,3522
36980,3522
36981,3522
36982,3522
36983,3522
36984,3522
36985,3522
36986,3522
36987,3522
36988,3522
36989,3522
36990,3522
36991,3522
36992,3522
36993,3522
36994,3522
36995,3522
36996,3522
36997,3522
36998,3522
36999,3522
37000,3522
37001,3522
37002,3522
37003,3522
37004,3522
37005,3522
37006,3522
37007,3522
37008,3522
37009,3522
37010,3522
37011,3522
37012,3522
37013,3522
37014,3522
37015,3522
37016,3522
37017,3522
37018,3522
37019,3522
37020,3522
37021,3522
37022,3522
37023,3522
37024,3522
37025,3522
37026,3522
37027,3522
37028,3522
37029,3522
37030,3522
37031,3522
37032,3522
37033,3522
37034,3522
37035,3522
37036,3522
37037,3522
37038,3522
37039,3522
37040,3522
37041,3522
37042,3522
37043,3522
37044,3522
37045,3522
37046,3522
37047,3522
37048,3522
37049,3522
37050,3522
37051,3522
37052,3522
37053,3522
37054,3522
37055,3522
37056,3522
37057,3522
37058,3522
37059,3522
37060,3522
37061,3522
37062,3522
37063,3522
37064,3522
37065,3522
37066,3522
37067,3522
37068,3522
37069,3522
37070,3522
37071,3522
37072,3522
37073,3522
37074,3522
37075,3522
37076,3522
37077,3522
37078,3522
37079,3522
37080,3522
37081,3522
37082,3522
37083,3522
37084,3522
37085,3522
37086,3522
37087,3522
37088,3522
37089,3522
37090,3522
37091,3522
37092,3522
37093,3522
37094,3522
37095,3522
37096,3522
37097,3522
37098,3522
37099,3522
37100,3522
37101,3522
37102,3522
37103,3522
37104,3522
37105,3522
37106,3522
37107,3522
37108,3522
37109,3522
37110,3522
37111,3522
37112,3522
37113,3522
37114,3522
37115,3522
37116,3522
37117,3522
37118,3522
37119,3522
37120,3522
37121,3522
37122,3522
37123,3522
37124,3522
37125,3522
37126,3522
37127,3522
37128,3522
37129,3522
37130,3522
37131,3522
37132,3522
37133,3522
37134,3522
37135,3522
37136,3522
37137,3522
37138,3522
37139,3522
37140,3522
37141,3522
37142,3522
37143,3522
37144,3522
37145,3522
37146,3522
37147,3522
37148,3522
37149,3522
37150,3522
37151,3522
37152,3522
37153,3522
37154,3522
37155,3522
37156,3522
37157,3522
37158,3522
37159,3522
37160,3522
37161,3522
37162,3522
37163,3522
37164,3522
37165,3522
37166,3522
37167,3522
37168,3522
37169,3522
37170,3522
37171,3522
37172,3522
37173,3522
37174,3522
37175,3522
37176,3522
37177,3522
37178,3522
37179,3522
37180,3522
37181,3522
37182,3522
37183,3522
37184,3522
37185,3522
37186,3522
37187,3522
37188,3522
37189,3522
37190,3522
37191,3522
37192,3522
37193,3522
37194,3522
37195,3522
37196,3522
37197,3522
37198,3522
37199,3522
37200,3522
37201,3522
37202,3522
37203,3522
37204,3522
37205,3522
37206,3522
37207,3522
37208,3522
37209,3522
37210,3522
37211,3522
37212,3522
37213,3522
37214,3522
37215,3522
37216,3522
37217,3522
37218,3522
37219,3522
37220,3522
37221,3522
37222,3526
37223,3526
37224,3526
37225,3526
37226,3526
37227,3526
37228,3526
37229,3526
37230,3526
37231,3526
37232,3526
37233,3526
37234,3526
37235,3526
37236,3526
37237,3526
37238,3526
37239,3526
37240,3526
37241,3526
37242,3526
37243,3526
37244,3526
37245,3526
37246,3526
37247,3526
37248,3526
37249,3526
37250,3526
37251,3526
37252,3526
37253,3526
37254,3526
37255,3526
37256,3526
37257,3526
37258,3526
37259,3526
37260,3526
37261,3526
37262,3526
37263,3526
37264,3526
37265,3526
37266,3526
37267,3526
37268,3526
37269,3526
37270,3526
37271,3526
37272,3526
37273,3526
37274,3526
37275,3526
37276,3526
37277,3526
37278,3526
37279,3526
37280,3526
37281,3526
37282,3526
37283,3526
37284,3526
37285,3526
37286,3526
37287,3526
37288,3526
37289,3526
37290,3526
37291,3526
37292,3526
37293,3526
37294,3526
37295,3526
37296,3526
37297,3526
37298,3526
37299,3526
37300,3526
37301,3526
37302,3526
37303,3526
37304,3526
37305,3526
37306,3526
37307,3526
37308,3526
37309,3526
37310,3526
37311,3526
37312,3526
37313,3526
37314,3526
37315,3526
37316,3526
37317,3526
37318,3526
37319,3526
37320,3526
37321,3526
37322,3526
37323,3526
37324,3526
37325,3526
37326,3526
37327,3526
37328,3526
37329,3526
37330,3526
37331,3526
37332,3526
37333,3527
37334,3527
37335,3527
37336,3527
37337,3527
37338,3527
37339,3527
37340,3527
37341,3527
37342,3527
37343,3527
37344,3527
37345,3527
37346,3527
37347,3527
37348,3527
37349,3527
37350,3529
37351,3529
37352,3529
37353,3529
37354,3529
37355,3529
37356,3529
37357,3529
37358,3529
37359,3529
37360,3529
37361,3529
37362,3529
37363,3529
37364,3529
37365,3529
37366,3529
37367,3529
37368,3529
37369,3529
37370,3529
37371,3529
37372,3529
37373,3529
37374,3529
37375,3529
37376,3529
37377,3529
37378,3529
37379,3529
37380,3529
37381,3529
37382,3529
37383,3529
37384,3529
37385,3529
37386,3529
37387,3529
37388,3529
37389,3529
37390,3529
37391,3529
37392,3529
37393,3529
37394,3529
37395,3529
37396,3529
37397,3529
37398,3529
37399,3529
37400,3529
37401,3529
37402,3529
37403,3529
37404,3529
37405,3529
37406,3529
37407,3529
37408,3529
37409,3529
37410,3529
37411,3529
37412,3529
37413,3529
37414,3529
37415,3529
37416,3529
37417,3529
37418,3529
37419,3529
37420,3529
37421,3530
37422,3530
37423,3530
37424,3530
37425,3530
37426,3530
37427,3530
37428,3530
37429,3530
37430,3530
37431,3530
37432,3530
37433,3530
37434,3530
37435,3530
37436,3530
37437,3530
37438,3530
37439,3530
37440,3530
37441,3530
37442,3530
37443,3530
37444,3530
37445,3530
37446,3530
37447,3530
37448,3530
37449,3530
37450,3530
37451,3530
37452,3530
37453,3530
37454,3530
37455,3530
37456,3530
37457,3530
37458,3530
37459,3530
37460,3530
37461,3530
37462,3530
37463,3530
37464,3530
37465,3530
37466,3530
37467,3530
37468,3530
37469,3530
37470,3530
37471,3530
37472,3530
37473,3530
37474,3530
37475,3530
37476,3530
37477,3530
37478,3530
37479,3530
37480,3530
37481,3530
37482,3530
37483,3530
37484,3530
37485,3530
37486,3530
37487,3530
37488,3530
37489,3530
37490,3530
37491,3530
37492,3530
37493,3530
37494,3530
37495,3530
37496,3530
37497,3530
37498,3530
37499,3530
37500,3530
37501,3530
37502,3530
37503,3530
37504,3530
37505,3530
37506,3530
37507,3530
37508,3530
37509,3530
37510,3530
37511,3530
37512,3530
37513,3530
37514,3530
37515,3530
37516,3530
37517,3530
37518,3530
37519,3530
37520,3530
37521,3530
37522,3530
37523,3530
37524,3530
37525,3530
37526,3530
37527,3530
37528,3530
37529,3530
37530,3530
37531,3530
37532,3530
37533,3530
37534,3530
37535,3530
37536,3530
37537,3530
37538,3530
37539,3530
37540,3530
37541,3530
37542,3530
37543,3530
37544,3530
37545,3530
37546,3530
37547,3530
37548,3530
37549,3530
37550,3530
37551,3530
37552,3530
37553,3530
37554,3530
37555,3530
37556,3530
37557,3530
37558,3530
37559,3530
37560,3530
37561,3530
37562,3530
37563,3530
37564,3530
37565,3530
37566,3530
37567,3530
37568,3530
37569,3530
37570,3530
37571,3530
37572,3530
37573,3530
37574,3530
37575,3530
37576,3530
37577,3530
37578,3530
37579,3540
37580,3540
37581,3540
37582,3540
37583,3540
37584,3540
37585,3540
37586,3540
37587,3540
37588,3540
37589,3540
37590,3540
37591,3540
37592,3540
37593,3540
37594,3540
37595,3540
37596,3540
37597,3540
37598,3540
37599,3540
37600,3540
37601,3540
37602,3540
37603,3540
37604,3540
37605,3540
37606,3540
37607,3540
37608,3540
37609,3540
37610,3540
37611,3540
37612,3540
37613,3540
37614,3540
37615,3540
37616,3548
37617,3548
37618,3548
37619,3548
37620,3548
37621,3548
37622,3548
37623,3548
37624,3548
37625,3548
37626,3548
37627,3548
37628,3548
37629,3548
37630,3548
37631,3548
37632,3548
37633,3548
37634,3548
37635,3548
37636,3548
37637,3548
37638,3548
37639,3548
37640,3548
37641,3548
37642,3548
37643,3548
37644,3548
37645,3548
37646,3548
37647,3548
37648,3548
37649,3548
37650,3548
37651,3548
37652,3548
37653,3548
37654,3548
37655,3548
37656,3548
37657,3548
37658,3548
37659,3548
37660,3548
37661,3548
37662,3548
37663,3548
37664,3548
37665,3552
37666,3552
37667,3552
37668,3552
37669,3552
37670,3552
37671,3552
37672,3552
37673,3552
37674,3552
37675,3552
37676,3552
37677,3552
37678,3552
37679,3552
37680,3552
37681,3552
37682,3552
37683,3552
37684,3552
37685,3552
37686,3552
37687,3552
37688,3552
37689,3552
37690,3552
37691,3552
37692,3552
37693,3552
37694,3552
37695,3552
37696,3552
37697,3552
37698,3552
37699,3552
37700,3552
37701,3552
37702,3552
37703,3552
37704,3552
37705,3552
37706,3552
37707,3552
37708,3552
37709,3552
37710,3552
37711,3552
37712,3552
37713,3552
37714,3552
37715,3552
37716,3552
37717,3552
37718,3552
37719,3552
37720,3552
37721,3552
37722,3552
37723,3552
37724,3552
37725,3552
37726,3552
37727,3555
37728,3555
37729,3555
37730,3555
37731,3555
37732,3555
37733,3555
37734,3555
37735,3555
37736,3555
37737,3555
37738,3555
37739,3555
37740,3555
37741,3555
37742,3555
37743,3555
37744,3555
37745,3555
37746,3555
37747,3555
37748,3555
37749,3555
37750,3555
37751,3555
37752,3555
37753,3555
37754,3555
37755,3555
37756,3555
37757,3555
37758,3555
37759,3555
37760,3555
37761,3555
37762,3555
37763,3555
37764,3555
37765,3555
37766,3555
37767,3555
37768,3555
37769,3555
37770,3555
37771,3555
37772,3555
37773,3555
37774,3555
37775,3555
37776,3555
37777,3555
37778,3555
37779,3555
37780,3555
37781,3555
37782,3555
37783,3555
37784,3555
37785,3555
37786,3555
37787,3555
37788,3555
37789,3555
37790,3555
37791,3555
37792,3555
37793,3555
37794,3555
37795,3555
37796,3555
37797,3555
37798,3555
37799,3555
37800,3555
37801,3555
37802,3555
37803,3555
37804,3555
37805,3555
37806,3555
37807,3555
37808,3555
37809,3555
37810,3555
37811,3555
37812,3555
37813,3555
37814,3555
37815,3555
37816,3555
37817,3555
37818,3555
37819,3555
37820,3555
37821,3555
37822,3555
37823,3555
37824,3555
37825,3555
37826,3555
37827,3555
37828,3555
37829,3555
37830,3555
37831,3555
37832,3555
37833,3555
37834,3555
37835,3555
37836,3555
37837,3555
37838,3555
37839,3555
37840,3555
37841,3555
37842,3555
37843,3555
37844,3555
37845,3555
37846,3555
37847,3555
37848,3555
37849,3555
37850,3555
37851,3555
37852,3555
37853,3555
37854,3555
37855,3555
37856,3555
37857,3555
37858,3555
37859,3555
37860,3555
37861,3555
37862,3555
37863,3555
37864,3555
37865,3555
37866,3555
37867,3555
37868,3555
37869,3555
37870,3555
37871,3555
37872,3555
37873,3555
37874,3555
37875,3555
37876,3555
37877,3555
37878,3555
37879,3555
37880,3555
37881,3555
37882,3555
37883,3555
37884,3555
37885,3555
37886,3555
37887,3555
37888,3555
37889,3555
37890,3555
37891,3555
37892,3555
37893,3555
37894,3555
37895,3555
37896,3555
37897,3555
37898,3555
37899,3555
37900,3555
37901,3555
37902,3555
37903,3555
37904,3555
37905,3555
37906,3555
37907,3555
37908,3555
37909,3555
37910,3555
37911,3555
37912,3555
37913,3555
37914,3555
37915,3555
37916,3555
37917,3555
37918,3555
37919,3555
37920,3555
37921,3555
37922,3555
37923,3555
37924,3555
37925,3555
37926,3555
37927,3555
37928,3555
37929,3555
37930,3555
37931,3555
37932,3555
37933,3555
37934,3555
37935,3555
37936,3555
37937,3555
37938,3555
37939,3555
37940,3555
37941,3555
37942,3555
37943,3555
37944,3555
37945,3555
37946,3555
37947,3555
37948,3562
37949,3562
37950,3562
37951,3562
37952,3562
37953,3562
37954,3562
37955,3562
37956,3562
37957,3562
37958,3562
37959,3562
37960,3562
37961,3562
37962,3562
37963,3562
37964,3562
37965,3562
37966,3562
37967,3562
37968,3562
37969,3562
37970,3562
37971,3562
37972,3562
37973,3562
37974,3562
37975,3562
37976,3562
37977,3570
37978,3570
37979,3570
37980,3570
37981,3570
37982,3570
37983,3570
37984,3570
37985,3570
37986,3570
37987,3570
37988,3570
37989,3570
37990,3570
37991,3570
37992,3570
37993,3570
37994,3570
37995,3570
37996,3570
37997,3570
37998,3570
37999,3570
38000,3570
38001,3570
38002,3570
38003,3570
38004,3570
38005,3570
38006,3570
38007,3570
38008,3570
38009,3570
38010,3570
38011,3570
38012,3570
38013,3570
38014,3570
38015,3570
38016,3570
38017,3570
38018,3570
38019,3570
38020,3570
38021,3570
38022,3570
38023,3570
38024,3570
38025,3570
38026,3570
38027,3570
38028,3570
38029,3570
38030,3570
38031,3570
38032,3570
38033,3570
38034,3570
38035,3570
38036,3570
38037,3570
38038,3570
38039,3570
38040,3570
38041,3570
38042,3570
38043,3570
38044,3570
38045,3570
38046,3570
38047,3570
38048,3570
38049,3570
38050,3570
38051,3570
38052,3570
38053,3570
38054,3570
38055,3570
38056,3570
38057,3570
38058,3570
38059,3570
38060,3570
38061,3570
38062,3570
38063,3570
38064,3570
38065,3570
38066,3570
38067,3570
38068,3570
38069,3570
38070,3570
38071,3570
38072,3570
38073,3570
38074,3570
38075,3570
38076,3570
38077,3570
38078,3570
38079,3570
38080,3570
38081,3570
38082,3570
38083,3570
38084,3570
38085,3570
38086,3570
38087,3570
38088,3570
38089,3570
38090,3570
38091,3570
38092,3570
38093,3570
38094,3570
38095,3570
38096,3570
38097,3570
38098,3570
38099,3570
38100,3570
38101,3570
38102,3570
38103,3570
38104,3570
38105,3570
38106,3570
38107,3570
38108,3570
38109,3572
38110,3572
38111,3572
38112,3572
38113,3572
38114,3572
38115,3572
38116,3572
38117,3572
38118,3572
38119,3572
38120,3572
38121,3572
38122,3572
38123,3572
38124,3572
38125,3572
38126,3572
38127,3572
38128,3572
38129,3572
38130,3572
38131,3572
38132,3572
38133,3572
38134,3572
38135,3572
38136,3572
38137,3572
38138,3572
38139,3572
38140,3572
38141,3572
38142,3572
38143,3572
38144,3572
38145,3572
38146,3572
38147,3572
38148,3572
38149,3572
38150,3572
38151,3572
38152,3572
38153,3572
38154,3572
38155,3572
38156,3572
38157,3572
38158,3572
38159,3572
38160,3572
38161,3572
38162,3572
38163,3572
38164,3572
38165,3572
38166,3572
38167,3572
38168,3572
38169,3572
38170,3572
38171,3572
38172,3572
38173,3572
38174,3572
38175,3572
38176,3572
38177,3572
38178,3572
38179,3572
38180,3572
38181,3572
38182,3572
38183,3572
38184,3572
38185,3572
38186,3572
38187,3572
38188,3572
38189,3572
38190,3572
38191,3572
38192,3572
38193,3572
38194,3572
38195,3572
38196,3572
38197,3572
38198,3572
38199,3572
38200,3572
38201,3572
38202,3572
38203,3572
38204,3572
38205,3572
38206,3572
38207,3572
38208,3572
38209,3572
38210,3572
38211,3572
38212,3572
38213,3572
38214,3572
38215,3572
38216,3572
38217,3572
38218,3572
38219,3572
38220,3572
38221,3572
38222,3572
38223,3572
38224,3572
38225,3572
38226,3572
38227,3572
38228,3572
38229,3572
38230,3572
38231,3572
38232,3572
38233,3572
38234,3572
38235,3572
38236,3572
38237,3572
38238,3572
38239,3572
38240,3572
38241,3572
38242,3572
38243,3572
38244,3572
38245,3572
38246,3572
38247,3572
38248,3572
38249,3572
38250,3572
38251,3572
38252,3572
38253,3572
38254,3572
38255,3572
38256,3572
38257,3572
38258,3572
38259,3572
38260,3572
38261,3572
38262,3572
38263,3572
38264,3572
38265,3572
38266,3572
38267,3572
38268,3572
38269,3572
38270,3572
38271,3572
38272,3574
38273,3574
38274,3574
38275,3574
38276,3574
38277,3574
38278,3574
38279,3574
38280,3574
38281,3574
38282,3574
38283,3574
38284,3574
38285,3574
38286,3574
38287,3574
38288,3574
38289,3574
38290,3574
38291,3574
38292,3574
38293,3574
38294,3574
38295,3574
38296,3574
38297,3574
38298,3574
38299,3574
38300,3574
38301,3574
38302,3574
38303,3574
38304,3574
38305,3574
38306,3574
38307,3574
38308,3574
38309,3574
38310,3574
38311,3574
38312,3574
38313,3574
38314,3574
38315,3574
38316,3574
38317,3574
38318,3574
38319,3574
38320,3574
38321,3574
38322,3574
38323,3574
38324,3574
38325,3574
38326,3574
38327,3574
38328,3574
38329,3574
38330,3574
38331,3574
38332,3574
38333,3574
38334,3574
38335,3574
38336,3574
38337,3574
38338,3574
38339,3574
38340,3574
38341,3574
38342,3574
38343,3574
38344,3574
38345,3574
38346,3574
38347,3574
38348,3574
38349,3574
38350,3574
38351,3574
38352,3574
38353,3574
38354,3574
38355,3576
38356,3576
38357,3576
38358,3576
38359,3576
38360,3576
38361,3576
38362,3576
38363,3576
38364,3576
38365,3576
38366,3576
38367,3576
38368,3576
38369,3576
38370,3576
38371,3576
38372,3576
38373,3576
38374,3576
38375,3576
38376,3576
38377,3576
38378,3576
38379,3576
38380,3576
38381,3576
38382,3576
38383,3576
38384,3576
38385,3576
38386,3576
38387,3576
38388,3576
38389,3576
38390,3576
38391,3576
38392,3576
38393,3576
38394,3576
38395,3576
38396,3576
38397,3576
38398,3576
38399,3576
38400,3576
38401,3576
38402,3576
38403,3576
38404,3576
38405,3576
38406,3576
38407,3576
38408,3576
38409,3576
38410,3576
38411,3576
38412,3576
38413,3576
38414,3576
38415,3576
38416,3576
38417,3576
38418,3576
38419,3576
38420,3576
38421,3576
38422,3576
38423,3576
38424,3576
38425,3576
38426,3576
38427,3576
38428,3576
38429,3576
38430,3576
38431,3576
38432,3576
38433,3576
38434,3576
38435,3576
38436,3576
38437,3576
38438,3576
38439,3576
38440,3577
38441,3577
38442,3577
38443,3577
38444,3577
38445,3577
38446,3577
38447,3577
38448,3577
38449,3577
38450,3577
38451,3577
38452,3577
38453,3577
38454,3577
38455,3577
38456,3577
38457,3577
38458,3577
38459,3577
38460,3577
38461,3577
38462,3577
38463,3577
38464,3577
38465,3577
38466,3577
38467,3577
38468,3577
38469,3577
38470,3577
38471,3577
38472,3577
38473,3577
38474,3577
38475,3577
38476,3577
38477,3577
38478,3577
38479,3577
38480,3577
38481,3577
38482,3577
38483,3577
38484,3577
38485,3577
38486,3577
38487,3577
38488,3577
38489,3577
38490,3577
38491,3577
38492,3577
38493,3577
38494,3577
38495,3577
38496,3577
38497,3577
38498,3577
38499,3577
38500,3577
38501,3577
38502,3577
38503,3577
38504,3577
38505,3577
38506,3577
38507,3577
38508,3577
38509,3577
38510,3577
38511,3577
38512,3577
38513,3577
38514,3577
38515,3577
38516,3577
38517,3577
38518,3577
38519,3577
38520,3577
38521,3577
38522,3577
38523,3577
38524,3577
38525,3577
38526,3577
38527,3577
38528,3577
38529,3577
38530,3577
38531,3577
38532,3577
38533,3577
38534,3577
38535,3577
38536,3577
38537,3577
38538,3577
38539,3577
38540,3577
38541,3577
38542,3577
38543,3577
38544,3577
38545,3577
38546,3577
38547,3577
38548,3577
38549,3577
38550,3577
38551,3577
38552,3577
38553,3577
38554,3577
38555,3577
38556,3577
38557,3577
38558,3577
38559,3577
38560,3577
38561,3577
38562,3577
38563,3577
38564,3577
38565,3577
38566,3577
38567,3577
38568,3577
38569,3577
38570,3577
38571,3577
38572,3577
38573,3577
38574,3577
38575,3577
38576,3577
38577,3577
38578,3577
38579,3577
38580,3577
38581,3577
38582,3577
38583,3577
38584,3577
38585,3577
38586,3577
38587,3577
38588,3577
38589,3577
38590,3577
38591,3577
38592,3577
38593,3577
38594,3577
38595,3577
38596,3577
38597,3577
38598,3577
38599,3577
38600,3577
38601,3577
38602,3577
38603,3577
38604,3577
38605,3577
38606,3577
38607,3577
38608,3577
38609,3577
38610,3577
38611,3577
38612,3577
38613,3577
38614,3577
38615,3577
38616,3577
38617,3577
38618,3577
38619,3577
38620,3577
38621,3577
38622,3577
38623,3577
38624,3577
38625,3577
38626,3577
38627,3577
38628,3577
38629,3577
38630,3577
38631,3577
38632,3577
38633,3577
38634,3577
38635,3577
38636,3577
38637,3577
38638,3577
38639,3577
38640,3577
38641,3577
38642,3577
38643,3577
38644,3577
38645,3577
38646,3577
38647,3577
38648,3577
38649,3577
38650,3577
38651,3577
38652,3577
38653,3577
38654,3577
38655,3577
38656,3577
38657,3577
38658,3577
38659,3577
38660,3577
38661,3577
38662,3577
38663,3577
38664,3577
38665,3577
38666,3577
38667,3577
38668,3577
38669,3577
38670,3577
38671,3577
38672,3577
38673,3577
38674,3577
38675,3577
38676,3577
38677,3577
38678,3577
38679,3577
38680,3577
38681,3577
38682,3577
38683,3577
38684,3577
38685,3577
38686,3577
38687,3577
38688,3577
38689,3577
38690,3577
38691,3577
38692,3577
38693,3577
38694,3577
38695,3577
38696,3577
38697,3577
38698,3577
38699,3577
38700,3577
38701,3577
38702,3577
38703,3577
38704,3577
38705,3577
38706,3577
38707,3577
38708,3577
38709,3577
38710,3577
38711,3577
38712,3577
38713,3577
38714,3577
38715,3577
38716,3577
38717,3577
38718,3577
38719,3577
38720,3577
38721,3577
38722,3577
38723,3577
38724,3577
38725,3577
38726,3577
38727,3577
38728,3577
38729,3577
38730,3577
38731,3577
38732,3577
38733,3577
38734,3577
38735,3577
38736,3577
38737,3577
38738,3577
38739,3577
38740,3577
38741,3577
38742,3577
38743,3577
38744,3577
38745,3577
38746,3577
38747,3577
38748,3577
38749,3577
38750,3577
38751,3577
38752,3577
38753,3577
38754,3577
38755,3577
38756,3577
38757,3577
38758,3577
38759,3577
38760,3577
38761,3577
38762,3577
38763,3577
38764,3577
38765,3577
38766,3577
38767,3577
38768,3577
38769,3577
38770,3577
38771,3577
38772,3577
38773,3577
38774,3577
38775,3577
38776,3577
38777,3577
38778,3577
38779,3577
38780,3577
38781,3577
38782,3577
38783,3577
38784,3577
38785,3577
38786,3577
38787,3577
38788,3577
38789,3577
38790,3577
38791,3577
38792,3577
38793,3577
38794,3577
38795,3577
38796,3577
38797,3577
38798,3577
38799,3577
38800,3577
38801,3577
38802,3577
38803,3577
38804,3577
38805,3577
38806,3577
38807,3577
38808,3577
38809,3577
38810,3577
38811,3577
38812,3577
38813,3577
38814,3577
38815,3577
38816,3577
38817,3577
38818,3577
38819,3577
38820,3577
38821,3577
38822,3577
38823,3577
38824,3577
38825,3577
38826,3577
38827,3577
38828,3577
38829,3577
38830,3577
38831,3577
38832,3577
38833,3577
38834,3577
38835,3577
38836,3577
38837,3577
38838,3577
38839,3577
38840,3577
38841,3577
38842,3577
38843,3577
38844,3577
38845,3577
38846,3577
38847,3577
38848,3577
38849,3577
38850,3577
38851,3577
38852,3577
38853,3577
38854,3577
38855,3577
38856,3577
38857,3577
38858,3577
38859,3577
38860,3577
38861,3577
38862,3577
38863,3577
38864,3577
38865,3577
38866,3577
38867,3577
38868,3577
38869,3577
38870,3577
38871,3577
38872,3577
38873,3577
38874,3577
38875,3577
38876,3577
38877,3577
38878,3577
38879,3577
38880,3577
38881,3577
38882,3577
38883,3577
38884,3577
38885,3577
38886,3577
38887,3577
38888,3577
38889,3577
38890,3577
38891,3577
38892,3577
38893,3577
38894,3577
38895,3577
38896,3577
38897,3577
38898,3577
38899,3577
38900,3577
38901,3577
38902,3577
38903,3577
38904,3577
38905,3577
38906,3577
38907,3577
38908,3577
38909,3577
38910,3577
38911,3577
38912,3577
38913,3577
38914,3577
38915,3577
38916,3577
38917,3577
38918,3577
38919,3577
38920,3577
38921,3577
38922,3577
38923,3577
38924,3577
38925,3577
38926,3577
38927,3577
38928,3577
38929,3577
38930,3577
38931,3577
38932,3577
38933,3577
38934,3577
38935,3577
38936,3577
38937,3577
38938,3577
38939,3577
38940,3577
38941,3577
38942,3577
38943,3577
38944,3577
38945,3577
38946,3577
38947,3577
38948,3577
38949,3577
38950,3577
38951,3577
38952,3577
38953,3577
38954,3577
38955,3577
38956,3577
38957,3577
38958,3577
38959,3577
38960,3577
38961,3577
38962,3577
38963,3577
38964,3577
38965,3577
38966,3577
38967,3577
38968,3577
38969,3577
38970,3577
38971,3577
38972,3577
38973,3577
38974,3577
38975,3577
38976,3577
38977,3577
38978,3577
38979,3577
38980,3577
38981,3577
38982,3577
38983,3577
38984,3577
38985,3577
38986,3577
38987,3577
38988,3577
38989,3577
38990,3577
38991,3577
38992,3577
38993,3577
38994,3577
38995,3577
38996,3577
38997,3577
38998,3577
38999,3577
39000,3577
39001,3577
39002,3577
39003,3577
39004,3577
39005,3577
39006,3577
39007,3577
39008,3577
39009,3577
39010,3577
39011,3577
39012,3577
39013,3577
39014,3577
39015,3577
39016,3577
39017,3577
39018,3577
39019,3577
39020,3577
39021,3577
39022,3577
39023,3577
39024,3577
39025,3577
39026,3577
39027,3577
39028,3577
39029,3577
39030,3577
39031,3577
39032,3577
39033,3577
39034,3577
39035,3577
39036,3577
39037,3577
39038,3577
39039,3579
39040,3579
39041,3579
39042,3579
39043,3579
39044,3579
39045,3579
39046,3579
39047,3579
39048,3579
39049,3579
39050,3579
39051,3579
39052,3579
39053,3579
39054,3579
39055,3579
39056,3579
39057,3579
39058,3579
39059,3579
39060,3579
39061,3579
39062,3579
39063,3579
39064,3579
39065,3579
39066,3579
39067,3579
39068,3579
39069,3579
39070,3579
39071,3579
39072,3579
39073,3579
39074,3579
39075,3579
39076,3579
39077,3579
39078,3579
39079,3579
39080,3579
39081,3579
39082,3579
39083,3579
39084,3579
39085,3579
39086,3579
39087,3579
39088,3579
39089,3579
39090,3579
39091,3579
39092,3579
39093,3579
39094,3579
39095,3579
39096,3579
39097,3579
39098,3579
39099,3579
39100,3579
39101,3579
39102,3579
39103,3579
39104,3579
39105,3579
39106,3579
39107,3579
39108,3579
39109,3579
39110,3579
39111,3579
39112,3579
39113,3579
39114,3579
39115,3579
39116,3579
39117,3579
39118,3579
39119,3579
39120,3579
39121,3579
39122,3579
39123,3579
39124,3579
39125,3579
39126,3579
39127,3579
39128,3579
39129,3579
39130,3579
39131,3579
39132,3579
39133,3579
39134,3579
39135,3579
39136,3579
39137,3579
39138,3579
39139,3579
39140,3579
39141,3579
39142,3579
39143,3579
39144,3579
39145,3579
39146,3579
39147,3579
39148,3579
39149,3579
39150,3579
39151,3579
39152,3579
39153,3579
39154,3579
39155,3579
39156,3579
39157,3579
39158,3579
39159,3579
39160,3579
39161,3579
39162,3579
39163,3579
39164,3579
39165,3579
39166,3579
39167,3579
39168,3579
39169,3579
39170,3579
39171,3579
39172,3579
39173,3579
39174,3579
39175,3579
39176,3579
39177,3579
39178,3579
39179,3579
39180,3579
39181,3579
39182,3579
39183,3579
39184,3579
39185,3579
39186,3579
39187,3579
39188,3579
39189,3579
39190,3579
39191,3579
39192,3579
39193,3579
39194,3579
39195,3579
39196,3579
39197,3579
39198,3579
39199,3579
39200,3579
39201,3579
39202,3579
39203,3579
39204,3579
39205,3579
39206,3579
39207,3579
39208,3579
39209,3579
39210,3579
39211,3579
39212,3579
39213,3579
39214,3579
39215,3579
39216,3579
39217,3579
39218,3579
39219,3579
39220,3579
39221,3579
39222,3579
39223,3579
39224,3579
39225,3579
39226,3579
39227,3579
39228,3579
39229,3579
39230,3579
39231,3579
39232,3579
39233,3579
39234,3579
39235,3579
39236,3579
39237,3579
39238,3579
39239,3579
39240,3579
39241,3579
39242,3579
39243,3579
39244,3579
39245,3579
39246,3579
39247,3579
39248,3579
39249,3579
39250,3579
39251,3579
39252,3579
39253,3579
39254,3579
39255,3579
39256,3579
39257,3579
39258,3579
39259,3579
39260,3579
39261,3579
39262,3579
39263,3579
39264,3579
39265,3579
39266,3579
39267,3579
39268,3579
39269,3579
39270,3579
39271,3579
39272,3579
39273,3579
39274,3579
39275,3579
39276,3579
39277,3579
39278,3579
39279,3579
39280,3579
39281,3579
39282,3579
39283,3579
39284,3579
39285,3579
39286,3579
39287,3579
39288,3579
39289,3579
39290,3579
39291,3579
39292,3579
39293,3579
39294,3579
39295,3579
39296,3579
39297,3579
39298,3579
39299,3579
39300,3579
39301,3579
39302,3579
39303,3579
39304,3579
39305,3579
39306,3579
39307,3579
39308,3579
39309,3579
39310,3579
39311,3579
39312,3579
39313,3579
39314,3579
39315,3579
39316,3579
39317,3579
39318,3579
39319,3579
39320,3579
39321,3579
39322,3579
39323,3579
39324,3579
39325,3579
39326,3579
39327,3579
39328,3579
39329,3579
39330,3582
39331,3582
39332,3582
39333,3582
39334,3582
39335,3582
39336,3582
39337,3582
39338,3582
39339,3582
39340,3582
39341,3582
39342,3582
39343,3582
39344,3582
39345,3582
39346,3582
39347,3582
39348,3582
39349,3582
39350,3582
39351,3582
39352,3582
39353,3582
39354,3582
39355,3582
39356,3582
39357,3582
39358,3582
39359,3582
39360,3582
39361,3582
39362,3582
39363,3582
39364,3582
39365,3582
39366,3582
39367,3582
39368,3582
39369,3582
39370,3582
39371,3582
39372,3582
39373,3582
39374,3582
39375,3582
39376,3582
39377,3582
39378,3582
39379,3582
39380,3582
39381,3582
39382,3582
39383,3582
39384,3582
39385,3582
39386,3582
39387,3582
39388,3582
39389,3582
39390,3582
39391,3582
39392,3582
39393,3582
39394,3582
39395,3582
39396,3582
39397,3582
39398,3582
39399,3582
39400,3582
39401,3582
39402,3582
39403,3582
39404,3582
39405,3582
39406,3582
39407,3582
39408,3582
39409,3582
39410,3582
39411,3582
39412,3582
39413,3584
39414,3584
39415,3584
39416,3584
39417,3584
39418,3584
39419,3584
39420,3584
39421,3584
39422,3584
39423,3584
39424,3584
39425,3584
39426,3584
39427,3584
39428,3584
39429,3584
39430,3584
39431,3584
39432,3584
39433,3584
39434,3584
39435,3584
39436,3584
39437,3584
39438,3584
39439,3584
39440,3584
39441,3584
39442,3584
39443,3584
39444,3584
39445,3584
39446,3584
39447,3584
39448,3584
39449,3584
39450,3584
39451,3584
39452,3584
39453,3584
39454,3584
39455,3584
39456,3584
39457,3584
39458,3584
39459,3584
39460,3584
39461,3584
39462,3584
39463,3584
39464,3584
39465,3584
39466,3584
39467,3584
39468,3584
39469,3584
39470,3584
39471,3584
39472,3584
39473,3584
39474,3584
39475,3584
39476,3584
39477,3584
39478,3584
39479,3584
39480,3584
39481,3584
39482,3584
39483,3584
39484,3584
39485,3584
39486,3584
39487,3584
39488,3584
39489,3584
39490,3584
39491,3584
39492,3584
39493,3584
39494,3584
39495,3584
39496,3584
39497,3584
39498,3584
39499,3588
39500,3588
39501,3588
39502,3588
39503,3588
39504,3588
39505,3588
39506,3588
39507,3588
39508,3588
39509,3588
39510,3588
39511,3588
39512,3588
39513,3588
39514,3588
39515,3588
39516,3588
39517,3588
39518,3588
39519,3588
39520,3588
39521,3588
39522,3588
39523,3588
39524,3588
39525,3588
39526,3588
39527,3588
39528,3588
39529,3588
39530,3588
39531,3588
39532,3588
39533,3588
39534,3588
39535,3588
39536,3588
39537,3588
39538,3588
39539,3588
39540,3588
39541,3588
39542,3588
39543,3588
39544,3588
39545,3588
39546,3588
39547,3588
39548,3588
39549,3588
39550,3588
39551,3588
39552,3588
39553,3588
39554,3588
39555,3588
39556,3588
39557,3588
39558,3588
39559,3588
39560,3588
39561,3588
39562,3588
39563,3588
39564,3588
39565,3588
39566,3588
39567,3588
39568,3588
39569,3588
39570,3588
39571,3588
39572,3588
39573,3588
39574,3588
39575,3588
39576,3588
39577,3588
39578,3588
39579,3588
39580,3588
39581,3588
39582,3588
39583,3588
39584,3588
39585,3588
39586,3588
39587,3588
39588,3588
39589,3588
39590,3588
39591,3588
39592,3588
39593,3588
39594,3588
39595,3588
39596,3588
39597,3588
39598,3588
39599,3588
39600,3588
39601,3588
39602,3588
39603,3588
39604,3588
39605,3588
39606,3588
39607,3588
39608,3588
39609,3588
39610,3588
39611,3588
39612,3588
39613,3588
39614,3588
39615,3588
39616,3588
39617,3588
39618,3588
39619,3588
39620,3588
39621,3588
39622,3588
39623,3588
39624,3588
39625,3588
39626,3588
39627,3588
39628,3588
39629,3588
39630,3588
39631,3588
39632,3588
39633,3588
39634,3588
39635,3588
39636,3588
39637,3588
39638,3588
39639,3588
39640,3588
39641,3588
39642,3588
39643,3588
39644,3588
39645,3588
39646,3588
39647,3588
39648,3588
39649,3588
39650,3588
39651,3588
39652,3588
39653,3588
39654,3588
39655,3588
39656,3588
39657,3588
39658,3588
39659,3588
39660,3588
39661,3588
39662,3591
39663,3591
39664,3591
39665,3591
39666,3591
39667,3591
39668,3591
39669,3591
39670,3591
39671,3591
39672,3591
39673,3591
39674,3591
39675,3591
39676,3591
39677,3591
39678,3591
39679,3591
39680,3591
39681,3591
39682,3591
39683,3591
39684,3591
39685,3591
39686,3591
39687,3591
39688,3591
39689,3591
39690,3591
39691,3591
39692,3591
39693,3591
39694,3591
39695,3591
39696,3591
39697,3591
39698,3591
39699,3591
39700,3591
39701,3591
39702,3591
39703,3591
39704,3591
39705,3591
39706,3591
39707,3591
39708,3591
39709,3591
39710,3591
39711,3591
39712,3591
39713,3591
39714,3591
39715,3591
39716,3591
39717,3591
39718,3591
39719,3591
39720,3591
39721,3591
39722,3591
39723,3591
39724,3591
39725,3591
39726,3591
39727,3591
39728,3591
39729,3591
39730,3591
39731,3591
39732,3591
39733,3591
39734,3591
39735,3591
39736,3591
39737,3591
39738,3591
39739,3591
39740,3591
39741,3591
39742,3591
39743,3591
39744,3591
39745,3591
39746,3591
39747,3591
39748,3591
39749,3591
39750,3591
39751,3591
39752,3591
39753,3591
39754,3591
39755,3591
39756,3591
39757,3591
39758,3591
39759,3591
39760,3591
39761,3591
39762,3591
39763,3591
39764,3591
39765,3591
39766,3591
39767,3591
39768,3591
39769,3591
39770,3591
39771,3591
39772,3591
39773,3591
39774,3591
39775,3591
39776,3591
39777,3591
39778,3591
39779,3591
39780,3591
39781,3591
39782,3591
39783,3591
39784,3591
39785,3591
39786,3591
39787,3591
39788,3591
39789,3591
39790,3591
39791,3591
39792,3591
39793,3591
39794,3591
39795,3591
39796,3591
39797,3591
39798,3591
39799,3591
39800,3591
39801,3591
39802,3591
39803,3591
39804,3591
39805,3591
39806,3591
39807,3591
39808,3591
39809,3591
39810,3591
39811,3591
39812,3591
39813,3591
39814,3591
39815,3591
39816,3591
39817,3591
39818,3591
39819,3591
39820,3591
39821,3591
39822,3591
39823,3591
39824,3591
39825,3591
39826,3591
39827,3591
39828,3591
39829,3591
39830,3591
39831,3591
39832,3591
39833,3591
39834,3591
39835,3591
39836,3591
39837,3591
39838,3591
39839,3591
39840,3591
39841,3591
39842,3591
39843,3591
39844,3591
39845,3591
39846,3591
39847,3591
39848,3591
39849,3591
39850,3591
39851,3591
39852,3591
39853,3591
39854,3591
39855,3591
39856,3591
39857,3591
39858,3591
39859,3591
39860,3591
39861,3591
39862,3591
39863,3591
39864,3591
39865,3591
39866,3591
39867,3591
39868,3591
39869,3591
39870,3591
39871,3591
39872,3591
39873,3591
39874,3591
39875,3591
39876,3591
39877,3591
39878,3591
39879,3591
39880,3591
39881,3591
39882,3591
39883,3591
39884,3591
39885,3591
39886,3591
39887,3591
39888,3591
39889,3591
39890,3591
39891,3591
39892,3591
39893,3591
39894,3591
39895,3591
39896,3591
39897,3591
39898,3591
39899,3591
39900,3591
39901,3591
39902,3591
39903,3593
39904,3593
39905,3593
39906,3593
39907,3593
39908,3593
39909,3593
39910,3593
39911,3593
39912,3593
39913,3593
39914,3593
39915,3593
39916,3593
39917,3593
39918,3593
39919,3593
39920,3593
39921,3593
39922,3593
39923,3593
39924,3593
39925,3593
39926,3593
39927,3593
39928,3593
39929,3593
39930,3593
39931,3593
39932,3593
39933,3593
39934,3593
39935,3593
39936,3593
39937,3593
39938,3593
39939,3593
39940,3593
39941,3593
39942,3593
39943,3593
39944,3593
39945,3593
39946,3593
39947,3593
39948,3593
39949,3593
39950,3593
39951,3593
39952,3593
39953,3593
39954,3593
39955,3593
39956,3593
39957,3593
39958,3593
39959,3593
39960,3593
39961,3593
39962,3593
39963,3593
39964,3593
39965,3593
39966,3593
39967,3593
39968,3593
39969,3593
39970,3593
39971,3593
39972,3593
39973,3593
39974,3593
39975,3593
39976,3593
39977,3593
39978,3593
39979,3593
39980,3593
39981,3593
39982,3593
39983,3593
39984,3593
39985,3593
39986,3593
39987,3593
39988,3597
39989,3597
39990,3597
39991,3597
39992,3597
39993,3597
39994,3597
39995,3597
39996,3597
39997,3597
39998,3597
39999,3597
40000,3597
40001,3597
40002,3597
40003,3597
40004,3597
40005,3597
40006,3597
40007,3597
40008,3597
40009,3597
40010,3597
40011,3597
40012,3597
40013,3597
40014,3597
40015,3597
40016,3597
40017,3597
40018,3597
40019,3597
40020,3597
40021,3597
40022,3597
40023,3597
40024,3597
40025,3597
40026,3597
40027,3597
40028,3597
40029,3597
40030,3597
40031,3597
40032,3597
40033,3597
40034,3597
40035,3597
40036,3597
40037,3597
40038,3597
40039,3597
40040,3597
40041,3597
40042,3597
40043,3597
40044,3597
40045,3597
40046,3597
40047,3597
40048,3597
40049,3597
40050,3597
40051,3597
40052,3597
40053,3597
40054,3597
40055,3597
40056,3597
40057,3597
40058,3597
40059,3597
40060,3597
40061,3597
40062,3597
40063,3597
40064,3597
40065,3597
40066,3597
40067,3597
40068,3597
40069,3597
40070,3597
40071,3597
40072,3597
40073,3597
40074,3597
40075,3597
40076,3597
40077,3597
40078,3597
40079,3597
40080,3597
40081,3597
40082,3597
40083,3597
40084,3597
40085,3597
40086,3597
40087,3597
40088,3597
40089,3597
40090,3597
40091,3597
40092,3597
40093,3597
40094,3597
40095,3597
40096,3597
40097,3597
40098,3597
40099,3597
40100,3597
40101,3597
40102,3597
40103,3597
40104,3597
40105,3597
40106,3597
40107,3597
40108,3597
40109,3597
40110,3597
40111,3597
40112,3597
40113,3597
40114,3597
40115,3597
40116,3597
40117,3597
40118,3597
40119,3597
40120,3597
40121,3597
40122,3597
40123,3597
40124,3597
40125,3597
40126,3597
40127,3597
40128,3597
40129,3597
40130,3597
40131,3597
40132,3597
40133,3597
40134,3597
40135,3597
40136,3597
40137,3597
40138,3597
40139,3597
40140,3597
40141,3597
40142,3597
40143,3597
40144,3597
40145,3597
40146,3597
40147,3597
40148,3597
40149,3597
40150,3597
40151,3597
40152,3597
40153,3597
40154,3597
40155,3597
40156,3597
40157,3597
40158,3597
40159,3597
40160,3597
40161,3597
40162,3597
40163,3597
40164,3597
40165,3597
40166,3597
40167,3597
40168,3597
40169,3597
40170,3597
40171,3597
40172,3597
40173,3597
40174,3597
40175,3597
40176,3597
40177,3597
40178,3597
40179,3597
40180,3597
40181,3597
40182,3597
40183,3597
40184,3597
40185,3597
40186,3597
40187,3597
40188,3597
40189,3597
40190,3597
40191,3597
40192,3597
40193,3597
40194,3597
40195,3597
40196,3597
40197,3597
40198,3597
40199,3597
40200,3597
40201,3597
40202,3597
40203,3597
40204,3597
40205,3597
40206,3597
40207,3597
40208,3597
40209,3597
40210,3597
40211,3597
40212,3597
40213,3597
40214,3597
40215,3597
40216,3597
40217,3597
40218,3597
40219,3597
40220,3597
40221,3597
40222,3597
40223,3597
40224,3597
40225,3597
40226,3597
40227,3597
40228,3597
40229,3597
40230,3597
40231,3597
40232,3597
40233,3597
40234,3597
40235,3597
40236,3597
40237,3597
40238,3597
40239,3597
40240,3597
40241,3597
40242,3597
40243,3597
40244,3597
40245,3597
40246,3597
40247,3597
40248,3597
40249,3597
40250,3597
40251,3597
40252,3597
40253,3597
40254,3597
40255,3597
40256,3597
40257,3597
40258,3597
40259,3597
40260,3597
40261,3597
40262,3597
40263,3597
40264,3597
40265,3597
40266,3597
40267,3597
40268,3597
40269,3597
40270,3597
40271,3597
40272,3597
40273,3597
40274,3597
40275,3597
40276,3597
40277,3597
40278,3597
40279,3597
40280,3597
40281,3597
40282,3597
40283,3597
40284,3597
40285,3597
40286,3597
40287,3597
40288,3597
40289,3597
40290,3597
40291,3597
40292,3597
40293,3597
40294,3597
40295,3597
40296,3597
40297,3597
40298,3597
40299,3597
40300,3597
40301,3597
40302,3597
40303,3597
40304,3597
40305,3597
40306,3597
40307,3597
40308,3597
40309,3597
40310,3597
40311,3597
40312,3597
40313,3597
40314,3597
40315,3597
40316,3597
40317,3597
40318,3597
40319,3597
40320,3597
40321,3597
40322,3597
40323,3597
40324,3597
40325,3597
40326,3597
40327,3597
40328,3597
40329,3597
40330,3597
40331,3597
40332,3597
40333,3597
40334,3597
40335,3597
40336,3597
40337,3597
40338,3597
40339,3597
40340,3597
40341,3597
40342,3597
40343,3597
40344,3597
40345,3597
40346,3597
40347,3597
40348,3597
40349,3597
40350,3597
40351,3597
40352,3597
40353,3597
40354,3597
40355,3597
40356,3597
40357,3597
40358,3597
40359,3597
40360,3597
40361,3597
40362,3597
40363,3597
40364,3597
40365,3597
40366,3597
40367,3597
40368,3597
40369,3597
40370,3597
40371,3597
40372,3597
40373,3597
40374,3597
40375,3597
40376,3597
40377,3597
40378,3597
40379,3597
40380,3597
40381,3597
40382,3597
40383,3597
40384,3597
40385,3597
40386,3597
40387,3597
40388,3597
40389,3597
40390,3597
40391,3597
40392,3597
40393,3597
40394,3597
40395,3597
40396,3597
40397,3597
40398,3597
40399,3597
40400,3597
40401,3597
40402,3597
40403,3597
40404,3597
40405,3597
40406,3597
40407,3597
40408,3597
40409,3597
40410,3597
40411,3598
40412,3598
40413,3598
40414,3598
40415,3598
40416,3598
40417,3598
40418,3598
40419,3598
40420,3598
40421,3598
40422,3598
40423,3598
40424,3598
40425,3598
40426,3598
40427,3598
40428,3598
40429,3598
40430,3598
40431,3598
40432,3598
40433,3598
40434,3598
40435,3598
40436,3598
40437,3598
40438,3598
40439,3598
40440,3598
40441,3598
40442,3598
40443,3598
40444,3598
40445,3598
40446,3598
40447,3598
40448,3598
40449,3598
40450,3598
40451,3598
40452,3598
40453,3598
40454,3598
40455,3598
40456,3598
40457,3598
40458,3598
40459,3598
40460,3598
40461,3598
40462,3598
40463,3598
40464,3598
40465,3598
40466,3598
40467,3598
40468,3598
40469,3598
40470,3598
40471,3598
40472,3598
40473,3598
40474,3598
40475,3598
40476,3598
40477,3598
40478,3598
40479,3598
40480,3598
40481,3598
40482,3598
40483,3598
40484,3598
40485,3598
40486,3598
40487,3598
40488,3598
40489,3598
40490,3598
40491,3598
40492,3598
40493,3598
40494,3598
40495,3598
40496,3598
40497,3598
40498,3600
40499,3600
40500,3600
40501,3600
40502,3600
40503,3600
40504,3600
40505,3600
40506,3600
40507,3600
40508,3600
40509,3600
40510,3600
40511,3600
40512,3600
40513,3600
40514,3600
40515,3600
40516,3600
40517,3600
40518,3600
40519,3600
40520,3600
40521,3600
40522,3600
40523,3600
40524,3600
40525,3600
40526,3600
40527,3600
40528,3600
40529,3600
40530,3600
40531,3600
40532,3600
40533,3600
40534,3600
40535,3600
40536,3600
40537,3600
40538,3600
40539,3600
40540,3600
40541,3600
40542,3600
40543,3600
40544,3600
40545,3600
40546,3600
40547,3600
40548,3600
40549,3600
40550,3600
40551,3600
40552,3600
40553,3600
40554,3600
40555,3600
40556,3600
40557,3600
40558,3600
40559,3600
40560,3600
40561,3600
40562,3600
40563,3600
40564,3600
40565,3600
40566,3600
40567,3600
40568,3600
40569,3600
40570,3600
40571,3600
40572,3600
40573,3600
40574,3600
40575,3600
40576,3600
40577,3600
40578,3600
40579,3600
40580,3600
40581,3600
40582,3600
40583,3600
40584,3600
40585,3600
40586,3600
40587,3600
40588,3600
40589,3600
40590,3600
40591,3600
40592,3600
40593,3600
40594,3600
40595,3600
40596,3600
40597,3600
40598,3600
40599,3600
40600,3600
40601,3600
40602,3600
40603,3600
40604,3600
40605,3600
40606,3600
40607,3600
40608,3600
40609,3600
40610,3600
40611,3600
40612,3600
40613,3600
40614,3600
40615,3600
40616,3600
40617,3600
40618,3600
40619,3600
40620,3600
40621,3600
40622,3600
40623,3600
40624,3600
40625,3600
40626,3600
40627,3600
40628,3600
40629,3600
40630,3600
40631,3600
40632,3600
40633,3600
40634,3600
40635,3600
40636,3600
40637,3600
40638,3600
40639,3600
40640,3600
40641,3600
40642,3600
40643,3600
40644,3600
40645,3600
40646,3600
40647,3600
40648,3600
40649,3600
40650,3600
40651,3600
40652,3600
40653,3600
40654,3600
40655,3600
40656,3600
40657,3600
40658,3600
40659,3600
40660,3600
40661,3600
40662,3600
40663,3600
40664,3600
40665,3600
40666,3600
40667,3600
40668,3600
40669,3600
40670,3600
40671,3600
40672,3600
40673,3600
40674,3600
40675,3600
40676,3600
40677,3600
40678,3600
40679,3600
40680,3600
40681,3600
40682,3600
40683,3600
40684,3600
40685,3600
40686,3600
40687,3600
40688,3600
40689,3600
40690,3600
40691,3600
40692,3600
40693,3600
40694,3600
40695,3600
40696,3600
40697,3600
40698,3600
40699,3607
40700,3607
40701,3607
40702,3607
40703,3607
40704,3607
40705,3607
40706,3607
40707,3607
40708,3607
40709,3607
40710,3607
40711,3607
40712,3607
40713,3607
40714,3607
40715,3607
40716,3607
40717,3607
40718,3607
40719,3607
40720,3607
40721,3607
40722,3607
40723,3607
40724,3609
40725,3609
40726,3609
40727,3609
40728,3609
40729,3609
40730,3609
40731,3609
40732,3609
40733,3609
40734,3609
40735,3609
40736,3609
40737,3609
40738,3609
40739,3609
40740,3609
40741,3609
40742,3609
40743,3609
40744,3609
40745,3609
40746,3609
40747,3609
40748,3609
40749,3609
40750,3609
40751,3609
40752,3609
40753,3609
40754,3609
40755,3609
40756,3609
40757,3609
40758,3609
40759,3609
40760,3609
40761,3609
40762,3609
40763,3609
40764,3609
40765,3609
40766,3609
40767,3609
40768,3609
40769,3609
40770,3609
40771,3609
40772,3609
40773,3609
40774,3609
40775,3609
40776,3609
40777,3609
40778,3609
40779,3609
40780,3609
40781,3609
40782,3609
40783,3609
40784,3609
40785,3609
40786,3609
40787,3609
40788,3609
40789,3609
40790,3609
40791,3609
40792,3609
40793,3609
40794,3609
40795,3609
40796,3609
40797,3609
40798,3609
40799,3609
40800,3609
40801,3609
40802,3609
40803,3609
40804,3609
40805,3609
40806,3609
40807,3609
40808,3609
40809,3609
40810,3609
40811,3609
40812,3609
40813,3609
40814,3609
40815,3609
40816,3609
40817,3609
40818,3609
40819,3609
40820,3609
40821,3609
40822,3609
40823,3609
40824,3609
40825,3609
40826,3609
40827,3609
40828,3609
40829,3609
40830,3609
40831,3609
40832,3609
40833,3609
40834,3609
40835,3609
40836,3609
40837,3609
40838,3609
40839,3609
40840,3609
40841,3609
40842,3609
40843,3609
40844,3609
40845,3609
40846,3609
40847,3609
40848,3609
40849,3609
40850,3609
40851,3609
40852,3609
40853,3609
40854,3609
40855,3609
40856,3609
40857,3609
40858,3609
40859,3609
40860,3609
40861,3609
40862,3609
40863,3609
40864,3609
40865,3609
40866,3609
40867,3609
40868,3609
40869,3609
40870,3609
40871,3609
40872,3609
40873,3609
40874,3609
40875,3609
40876,3609
40877,3609
40878,3609
40879,3609
40880,3609
40881,3609
40882,3609
40883,3609
40884,3609
40885,3609
40886,3609
40887,3609
40888,3609
40889,3609
40890,3609
40891,3609
40892,3609
40893,3609
40894,3609
40895,3609
40896,3609
40897,3609
40898,3609
40899,3609
40900,3609
40901,3609
40902,3609
40903,3609
40904,3609
40905,3609
40906,3609
40907,3609
40908,3609
40909,3609
40910,3609
40911,3609
40912,3609
40913,3609
40914,3609
40915,3609
40916,3609
40917,3609
40918,3609
40919,3609
40920,3609
40921,3609
40922,3609
40923,3609
40924,3609
40925,3609
40926,3609
40927,3609
40928,3609
40929,3609
40930,3609
40931,3609
40932,3609
40933,3609
40934,3609
40935,3609
40936,3609
40937,3609
40938,3609
40939,3609
40940,3609
40941,3609
40942,3609
40943,3609
40944,3609
40945,3609
40946,3609
40947,3609
40948,3609
40949,3609
40950,3609
40951,3609
40952,3609
40953,3609
40954,3609
40955,3609
40956,3609
40957,3609
40958,3609
40959,3609
40960,3609
40961,3609
40962,3609
40963,3609
40964,3609
40965,3609
40966,3609
40967,3609
40968,3609
40969,3609
40970,3609
40971,3609
40972,3609
40973,3609
40974,3609
40975,3609
40976,3609
40977,3609
40978,3609
40979,3609
40980,3609
40981,3609
40982,3609
40983,3609
40984,3609
40985,3609
40986,3609
40987,3609
40988,3609
40989,3609
40990,3609
40991,3609
40992,3609
40993,3609
40994,3609
40995,3609
40996,3609
40997,3609
40998,3609
40999,3609
41000,3609
41001,3609
41002,3609
41003,3609
41004,3609
41005,3609
41006,3609
41007,3609
41008,3609
41009,3609
41010,3609
41011,3609
41012,3609
41013,3609
41014,3609
41015,3609
41016,3609
41017,3609
41018,3609
41019,3609
41020,3609
41021,3609
41022,3609
41023,3609
41024,3609
41025,3609
41026,3609
41027,3609
41028,3609
41029,3609
41030,3609
41031,3609
41032,3609
41033,3609
41034,3609
41035,3609
41036,3609
41037,3609
41038,3609
41039,3609
41040,3609
41041,3609
41042,3609
41043,3609
41044,3609
41045,3609
41046,3609
41047,3609
41048,3609
41049,3609
41050,3609
41051,3609
41052,3609
41053,3609
41054,3609
41055,3609
41056,3609
41057,3609
41058,3609
41059,3609
41060,3609
41061,3609
41062,3609
41063,3609
41064,3609
41065,3609
41066,3609
41067,3609
41068,3609
41069,3609
41070,3609
41071,3609
41072,3609
41073,3609
41074,3609
41075,3609
41076,3609
41077,3609
41078,3609
41079,3609
41080,3609
41081,3609
41082,3609
41083,3609
41084,3609
41085,3609
41086,3609
41087,3609
41088,3609
41089,3609
41090,3609
41091,3609
41092,3609
41093,3609
41094,3609
41095,3609
41096,3609
41097,3609
41098,3609
41099,3609
41100,3609
41101,3609
41102,3609
41103,3609
41104,3609
41105,3609
41106,3609
41107,3609
41108,3609
41109,3609
41110,3609
41111,3609
41112,3609
41113,3609
41114,3609
41115,3609
41116,3609
41117,3609
41118,3609
41119,3609
41120,3609
41121,3609
41122,3609
41123,3609
41124,3609
41125,3609
41126,3609
41127,3609
41128,3609
41129,3609
41130,3609
41131,3609
41132,3609
41133,3609
41134,3609
41135,3609
41136,3609
41137,3609
41138,3609
41139,3609
41140,3609
41141,3609
41142,3609
41143,3609
41144,3609
41145,3609
41146,3609
41147,3609
41148,3609
41149,3609
41150,3609
41151,3609
41152,3609
41153,3609
41154,3609
41155,3609
41156,3609
41157,3609
41158,3609
41159,3609
41160,3609
41161,3609
41162,3609
41163,3609
41164,3609
41165,3609
41166,3609
41167,3609
41168,3609
41169,3609
41170,3609
41171,3609
41172,3609
41173,3609
41174,3609
41175,3609
41176,3609
41177,3609
41178,3609
41179,3609
41180,3609
41181,3609
41182,3609
41183,3609
41184,3609
41185,3609
41186,3609
41187,3609
41188,3609
41189,3609
41190,3609
41191,3609
41192,3609
41193,3609
41194,3609
41195,3609
41196,3609
41197,3609
41198,3609
41199,3609
41200,3609
41201,3609
41202,3609
41203,3609
41204,3609
41205,3609
41206,3609
41207,3609
41208,3609
41209,3609
41210,3609
41211,3609
41212,3609
41213,3609
41214,3609
41215,3609
41216,3609
41217,3609
41218,3609
41219,3609
41220,3609
41221,3609
41222,3609
41223,3609
41224,3609
41225,3609
41226,3609
41227,3609
41228,3609
41229,3609
41230,3609
41231,3609
41232,3609
41233,3609
41234,3609
41235,3609
41236,3609
41237,3609
41238,3609
41239,3609
41240,3609
41241,3609
41242,3609
41243,3609
41244,3609
41245,3609
41246,3609
41247,3609
41248,3609
41249,3609
41250,3609
41251,3609
41252,3609
41253,3609
41254,3609
41255,3609
41256,3609
41257,3609
41258,3609
41259,3609
41260,3609
41261,3609
41262,3609
41263,3609
41264,3609
41265,3609
41266,3609
41267,3609
41268,3609
41269,3609
41270,3609
41271,3609
41272,3609
41273,3609
41274,3609
41275,3609
41276,3609
41277,3609
41278,3609
41279,3609
41280,3609
41281,3609
41282,3609
41283,3609
41284,3609
41285,3609
41286,3609
41287,3609
41288,3609
41289,3609
41290,3609
41291,3609
41292,3609
41293,3609
41294,3609
41295,3609
41296,3609
41297,3609
41298,3609
41299,3609
41300,3609
41301,3609
41302,3609
41303,3609
41304,3609
41305,3609
41306,3609
41307,3609
41308,3609
41309,3609
41310,3609
41311,3609
41312,3609
41313,3609
41314,3609
41315,3609
41316,3609
41317,3609
41318,3609
41319,3609
41320,3609
41321,3609
41322,3609
41323,3609
41324,3609
41325,3609
41326,3609
41327,3609
41328,3609
41329,3609
41330,3609
41331,3609
41332,3609
41333,3609
41334,3609
41335,3609
41336,3609
41337,3609
41338,3609
41339,3609
41340,3609
41341,3609
41342,3609
41343,3609
41344,3609
41345,3609
41346,3609
41347,3609
41348,3609
41349,3609
41350,3609
41351,3609
41352,3609
41353,3609
41354,3609
41355,3609
41356,3609
41357,3609
41358,3609
41359,3609
41360,3609
41361,3609
41362,3609
41363,3609
41364,3609
41365,3609
41366,3609
41367,3609
41368,3609
41369,3609
41370,3609
41371,3609
41372,3609
41373,3609
41374,3609
41375,3609
41376,3609
41377,3609
41378,3609
41379,3609
41380,3609
41381,3609
41382,3609
41383,3609
41384,3609
41385,3609
41386,3609
41387,3609
41388,3609
41389,3609
41390,3609
41391,3609
41392,3609
41393,3609
41394,3609
41395,3609
41396,3609
41397,3609
41398,3609
41399,3609
41400,3609
41401,3609
41402,3609
41403,3609
41404,3609
41405,3609
41406,3609
41407,3609
41408,3609
41409,3609
41410,3609
41411,3609
41412,3609
41413,3609
41414,3609
41415,3609
41416,3609
41417,3609
41418,3609
41419,3609
41420,3609
41421,3609
41422,3609
41423,3609
41424,3609
41425,3609
41426,3609
41427,3609
41428,3609
41429,3609
41430,3609
41431,3609
41432,3609
41433,3609
41434,3609
41435,3609
41436,3609
41437,3609
41438,3609
41439,3609
41440,3609
41441,3609
41442,3609
41443,3609
41444,3609
41445,3609
41446,3609
41447,3609
41448,3609
41449,3609
41450,3609
41451,3609
41452,3609
41453,3609
41454,3609
41455,3609
41456,3609
41457,3609
41458,3609
41459,3609
41460,3609
41461,3609
41462,3609
41463,3609
41464,3609
41465,3609
41466,3609
41467,3609
41468,3609
41469,3609
41470,3609
41471,3609
41472,3609
41473,3609
41474,3609
41475,3609
41476,3609
41477,3609
41478,3609
41479,3609
41480,3609
41481,3609
41482,3609
41483,3609
41484,3609
41485,3609
41486,3609
41487,3609
41488,3609
41489,3609
41490,3609
41491,3609
41492,3609
41493,3609
41494,3609
41495,3609
41496,3609
41497,3609
41498,3609
41499,3609
41500,3609
41501,3609
41502,3609
41503,3609
41504,3609
41505,3609
41506,3609
41507,3609
41508,3609
41509,3609
41510,3609
41511,3609
41512,3609
41513,3609
41514,3609
41515,3609
41516,3609
41517,3609
41518,3609
41519,3609
41520,3609
41521,3609
41522,3609
41523,3609
41524,3609
41525,3609
41526,3609
41527,3609
41528,3609
41529,3609
41530,3609
41531,3609
41532,3609
41533,3609
41534,3609
41535,3609
41536,3609
41537,3609
41538,3609
41539,3609
41540,3609
41541,3609
41542,3609
41543,3609
41544,3609
41545,3609
41546,3609
41547,3609
41548,3609
41549,3609
41550,3609
41551,3609
41552,3609
41553,3609
41554,3609
41555,3609
41556,3609
41557,3609
41558,3609
41559,3609
41560,3609
41561,3609
41562,3609
41563,3609
41564,3609
41565,3609
41566,3609
41567,3609
41568,3609
41569,3609
41570,3609
41571,3609
41572,3609
41573,3609
41574,3609
41575,3609
41576,3609
41577,3609
41578,3609
41579,3609
41580,3609
41581,3609
41582,3609
41583,3609
41584,3609
41585,3609
41586,3609
41587,3609
41588,3612
41589,3612
41590,3612
41591,3612
41592,3612
41593,3612
41594,3612
41595,3612
41596,3612
41597,3612
41598,3612
41599,3612
41600,3612
41601,3612
41602,3612
41603,3612
41604,3612
41605,3612
41606,3612
41607,3612
41608,3612
41609,3612
41610,3612
41611,3612
41612,3612
41613,3612
41614,3612
41615,3612
41616,3612
41617,3612
41618,3612
41619,3612
41620,3612
41621,3612
41622,3612
41623,3612
41624,3612
41625,3612
41626,3612
41627,3612
41628,3612
41629,3612
41630,3612
41631,3612
41632,3612
41633,3612
41634,3612
41635,3612
41636,3612
41637,3612
41638,3612
41639,3612
41640,3612
41641,3612
41642,3612
41643,3612
41644,3612
41645,3612
41646,3612
41647,3612
41648,3612
41649,3612
41650,3612
41651,3612
41652,3612
41653,3612
41654,3612
41655,3612
41656,3612
41657,3612
41658,3612
41659,3612
41660,3612
41661,3612
41662,3612
41663,3612
41664,3612
41665,3612
41666,3612
41667,3612
41668,3612
41669,3612
41670,3612
41671,3612
41672,3612
41673,3612
41674,3612
41675,3612
41676,3612
41677,3612
41678,3612
41679,3612
41680,3612
41681,3612
41682,3612
41683,3612
41684,3612
41685,3612
41686,3612
41687,3612
41688,3612
41689,3612
41690,3612
41691,3612
41692,3612
41693,3612
41694,3612
41695,3612
41696,3612
41697,3612
41698,3612
41699,3612
41700,3612
41701,3614
41702,3614
41703,3614
41704,3614
41705,3614
41706,3614
41707,3614
41708,3614
41709,3614
41710,3614
41711,3614
41712,3614
41713,3614
41714,3614
41715,3614
41716,3614
41717,3614
41718,3614
41719,3614
41720,3614
41721,3614
41722,3614
41723,3614
41724,3614
41725,3614
41726,3614
41727,3614
41728,3614
41729,3614
41730,3614
41731,3614
41732,3614
41733,3614
41734,3614
41735,3614
41736,3614
41737,3614
41738,3614
41739,3614
41740,3614
41741,3614
41742,3614
41743,3614
41744,3614
41745,3614
41746,3614
41747,3614
41748,3614
41749,3614
41750,3614
41751,3614
41752,3614
41753,3614
41754,3614
41755,3614
41756,3614
41757,3614
41758,3614
41759,3614
41760,3614
41761,3614
41762,3614
41763,3614
41764,3614
41765,3614
41766,3614
41767,3614
41768,3614
41769,3614
41770,3614
41771,3614
41772,3614
41773,3614
41774,3614
41775,3614
41776,3614
41777,3614
41778,3614
41779,3614
41780,3614
41781,3614
41782,3614
41783,3614
41784,3614
41785,3614
41786,3614
41787,3614
41788,3614
41789,3614
41790,3614
41791,3614
41792,3614
41793,3614
41794,3614
41795,3614
41796,3614
41797,3614
41798,3614
41799,3614
41800,3614
41801,3614
41802,3614
41803,3614
41804,3614
41805,3614
41806,3614
41807,3614
41808,3614
41809,3614
41810,3614
41811,3614
41812,3614
41813,3614
41814,3614
41815,3614
41816,3614
41817,3614
41818,3614
41819,3614
41820,3614
41821,3614
41822,3614
41823,3614
41824,3614
41825,3614
41826,3614
41827,3614
41828,3614
41829,3614
41830,3614
41831,3614
41832,3614
41833,3614
41834,3614
41835,3614
41836,3614
41837,3614
41838,3614
41839,3614
41840,3614
41841,3614
41842,3614
41843,3614
41844,3614
41845,3614
41846,3614
41847,3614
41848,3614
41849,3614
41850,3614
41851,3614
41852,3614
41853,3614
41854,3614
41855,3614
41856,3614
41857,3614
41858,3614
41859,3614
41860,3614
41861,3614
41862,3614
41863,3614
41864,3614
41865,3614
41866,3614
41867,3614
41868,3614
41869,3614
41870,3614
41871,3614
41872,3614
41873,3614
41874,3614
41875,3614
41876,3614
41877,3614
41878,3614
41879,3614
41880,3614
41881,3614
41882,3614
41883,3614
41884,3614
41885,3614
41886,3614
41887,3614
41888,3614
41889,3614
41890,3614
41891,3614
41892,3614
41893,3614
41894,3614
41895,3614
41896,3614
41897,3614
41898,3614
41899,3614
41900,3614
41901,3614
41902,3614
41903,3614
41904,3614
41905,3614
41906,3614
41907,3614
41908,3614
41909,3614
41910,3614
41911,3614
41912,3614
41913,3614
41914,3614
41915,3614
41916,3616
41917,3616
41918,3616
41919,3616
41920,3616
41921,3616
41922,3616
41923,3616
41924,3616
41925,3616
41926,3616
41927,3616
41928,3616
41929,3616
41930,3616
41931,3616
41932,3616
41933,3616
41934,3616
41935,3616
41936,3616
41937,3616
41938,3616
41939,3616
41940,3616
41941,3616
41942,3616
41943,3616
41944,3616
41945,3616
41946,3616
41947,3616
41948,3616
41949,3616
41950,3616
41951,3616
41952,3616
41953,3616
41954,3616
41955,3616
41956,3616
41957,3616
41958,3616
41959,3616
41960,3616
41961,3616
41962,3616
41963,3616
41964,3616
41965,3616
41966,3616
41967,3616
41968,3616
41969,3616
41970,3616
41971,3616
41972,3616
41973,3616
41974,3616
41975,3616
41976,3616
41977,3616
41978,3616
41979,3616
41980,3616
41981,3616
41982,3616
41983,3616
41984,3616
41985,3616
41986,3616
41987,3616
41988,3617
41989,3617
41990,3617
41991,3617
41992,3617
41993,3617
41994,3617
41995,3617
41996,3617
41997,3617
41998,3617
41999,3617
42000,3617
42001,3617
42002,3617
42003,3617
42004,3617
42005,3617
42006,3617
42007,3617
42008,3617
42009,3617
42010,3617
42011,3617
42012,3617
42013,3617
42014,3617
42015,3617
42016,3617
42017,3617
42018,3617
42019,3617
42020,3617
42021,3617
42022,3617
42023,3617
42024,3617
42025,3617
42026,3617
42027,3617
42028,3617
42029,3617
42030,3617
42031,3617
42032,3617
42033,3617
42034,3617
42035,3617
42036,3617
42037,3617
42038,3617
42039,3617
42040,3617
42041,3617
42042,3617
42043,3617
42044,3617
42045,3617
42046,3617
42047,3617
42048,3617
42049,3617
42050,3617
42051,3617
42052,3617
42053,3617
42054,3617
42055,3617
42056,3617
42057,3617
42058,3617
42059,3617
42060,3617
42061,3617
42062,3617
42063,3617
42064,3617
42065,3617
42066,3617
42067,3617
42068,3617
42069,3617
42070,3617
42071,3617
42072,3617
42073,3617
42074,3617
42075,3617
42076,3617
42077,3617
42078,3617
42079,3617
42080,3617
42081,3617
42082,3617
42083,3617
42084,3617
42085,3617
42086,3617
42087,3617
42088,3617
42089,3617
42090,3617
42091,3617
42092,3617
42093,3617
42094,3617
42095,3617
42096,3617
42097,3617
42098,3617
42099,3617
42100,3617
42101,3627
42102,3627
42103,3627
42104,3627
42105,3627
42106,3627
42107,3627
42108,3627
42109,3627
42110,3627
42111,3627
42112,3627
42113,3627
42114,3627
42115,3627
42116,3627
42117,3627
42118,3627
42119,3627
42120,3627
42121,3627
42122,3627
42123,3627
42124,3627
42125,3627
42126,3627
42127,3627
42128,3627
42129,3627
42130,3627
42131,3627
42132,3627
42133,3627
42134,3627
42135,3627
42136,3627
42137,3627
42138,3627
42139,3627
42140,3627
42141,3627
42142,3627
42143,3627
42144,3627
42145,3627
42146,3627
42147,3627
42148,3627
42149,3627
42150,3627
42151,3627
42152,3627
42153,3627
42154,3627
42155,3627
42156,3627
42157,3627
42158,3627
42159,3627
42160,3627
42161,3627
42162,3627
42163,3627
42164,3627
42165,3627
42166,3627
42167,3627
42168,3627
42169,3627
42170,3627
42171,3627
42172,3627
42173,3627
42174,3627
42175,3627
42176,3627
42177,3627
42178,3627
42179,3627
42180,3627
42181,3627
42182,3627
42183,3627
42184,3627
42185,3627
42186,3627
42187,3627
42188,3627
42189,3627
42190,3627
42191,3627
42192,3627
42193,3627
42194,3627
42195,3627
42196,3627
42197,3627
42198,3627
42199,3627
42200,3627
42201,3627
42202,3627
42203,3627
42204,3627
42205,3627
42206,3627
42207,3627
42208,3627
42209,3627
42210,3627
42211,3627
42212,3627
42213,3627
42214,3627
42215,3627
42216,3627
42217,3627
42218,3627
42219,3627
42220,3627
42221,3627
42222,3627
42223,3627
42224,3627
42225,3627
42226,3627
42227,3627
42228,3627
42229,3627
42230,3627
42231,3627
42232,3627
42233,3627
42234,3627
42235,3627
42236,3627
42237,3627
42238,3627
42239,3627
42240,3627
42241,3627
42242,3627
42243,3627
42244,3627
42245,3627
42246,3627
42247,3627
42248,3627
42249,3627
42250,3627
42251,3627
42252,3627
42253,3627
42254,3627
42255,3627
42256,3627
42257,3627
42258,3627
42259,3627
42260,3627
42261,3627
42262,3627
42263,3627
42264,3627
42265,3627
42266,3627
42267,3627
42268,3627
42269,3627
42270,3627
42271,3627
42272,3627
42273,3627
42274,3627
42275,3627
42276,3627
42277,3627
42278,3627
42279,3627
42280,3627
42281,3627
42282,3627
42283,3627
42284,3627
42285,3627
42286,3627
42287,3627
42288,3627
42289,3627
42290,3627
42291,3627
42292,3627
42293,3627
42294,3627
42295,3627
42296,3627
42297,3627
42298,3627
42299,3627
42300,3627
42301,3627
42302,3627
42303,3627
42304,3627
42305,3627
42306,3627
42307,3627
42308,3627
42309,3627
42310,3627
42311,3627
42312,3627
42313,3627
42314,3627
42315,3627
42316,3627
42317,3627
42318,3627
42319,3627
42320,3627
42321,3627
42322,3627
42323,3627
42324,3627
42325,3627
42326,3627
42327,3627
42328,3627
42329,3627
42330,3627
42331,3627
42332,3627
42333,3627
42334,3627
42335,3627
42336,3627
42337,3627
42338,3627
42339,3627
42340,3627
42341,3627
42342,3627
42343,3627
42344,3627
42345,3627
42346,3627
42347,3627
42348,3627
42349,3627
42350,3627
42351,3627
42352,3627
42353,3627
42354,3627
42355,3627
42356,3627
42357,3627
42358,3627
42359,3627
42360,3627
42361,3627
42362,3627
42363,3627
42364,3627
42365,3627
42366,3627
42367,3627
42368,3627
42369,3627
42370,3627
42371,3627
42372,3627
42373,3627
42374,3627
42375,3627
42376,3627
42377,3627
42378,3627
42379,3627
42380,3627
42381,3627
42382,3627
42383,3627
42384,3627
42385,3627
42386,3627
42387,3627
42388,3627
42389,3627
42390,3627
42391,3627
42392,3627
42393,3627
42394,3627
42395,3627
42396,3627
42397,3627
42398,3627
42399,3627
42400,3627
42401,3627
42402,3627
42403,3627
42404,3627
42405,3627
42406,3627
42407,3627
42408,3627
42409,3627
42410,3627
42411,3627
42412,3627
42413,3627
42414,3627
42415,3627
42416,3627
42417,3627
42418,3627
42419,3627
42420,3627
42421,3627
42422,3627
42423,3627
42424,3627
42425,3627
42426,3627
42427,3627
42428,3627
42429,3627
42430,3627
42431,3627
42432,3627
42433,3627
42434,3627
42435,3627
42436,3627
42437,3627
42438,3627
42439,3627
42440,3627
42441,3627
42442,3627
42443,3627
42444,3627
42445,3627
42446,3627
42447,3627
42448,3627
42449,3627
42450,3627
42451,3627
42452,3627
42453,3627
42454,3627
42455,3627
42456,3627
42457,3627
42458,3627
42459,3627
42460,3627
42461,3627
42462,3627
42463,3627
42464,3627
42465,3627
42466,3627
42467,3627
42468,3627
42469,3627
42470,3627
42471,3627
42472,3627
42473,3627
42474,3627
42475,3627
42476,3627
42477,3627
42478,3627
42479,3627
42480,3627
42481,3627
42482,3627
42483,3627
42484,3627
42485,3627
42486,3627
42487,3627
42488,3627
42489,3627
42490,3627
42491,3627
42492,3627
42493,3627
42494,3627
42495,3627
42496,3627
42497,3627
42498,3627
42499,3627
42500,3627
42501,3627
42502,3627
42503,3627
42504,3627
42505,3627
42506,3627
42507,3627
42508,3627
42509,3627
42510,3627
42511,3627
42512,3627
42513,3627
42514,3627
42515,3627
42516,3627
42517,3627
42518,3627
42519,3627
42520,3627
42521,3627
42522,3627
42523,3627
42524,3627
42525,3627
42526,3627
42527,3627
42528,3627
42529,3627
42530,3627
42531,3627
42532,3627
42533,3627
42534,3627
42535,3627
42536,3627
42537,3627
42538,3627
42539,3627
42540,3627
42541,3627
42542,3627
42543,3627
42544,3627
42545,3627
42546,3627
42547,3627
42548,3627
42549,3627
42550,3627
42551,3627
42552,3627
42553,3627
42554,3627
42555,3627
42556,3627
42557,3627
42558,3627
42559,3627
42560,3627
42561,3627
42562,3627
42563,3627
42564,3627
42565,3627
42566,3627
42567,3627
42568,3627
42569,3627
42570,3627
42571,3627
42572,3627
42573,3627
42574,3627
42575,3627
42576,3627
42577,3627
42578,3627
42579,3627
42580,3627
42581,3627
42582,3627
42583,3627
42584,3627
42585,3627
42586,3627
42587,3627
42588,3627
42589,3627
42590,3627
42591,3627
42592,3627
42593,3627
42594,3627
42595,3627
42596,3627
42597,3627
42598,3627
42599,3627
42600,3627
42601,3627
42602,3627
42603,3627
42604,3627
42605,3627
42606,3627
42607,3627
42608,3627
42609,3627
42610,3631
42611,3631
42612,3631
42613,3631
42614,3631
42615,3631
42616,3631
42617,3631
42618,3631
42619,3631
42620,3631
42621,3631
42622,3631
42623,3631
42624,3631
42625,3631
42626,3631
42627,3631
42628,3631
42629,3631
42630,3631
42631,3631
42632,3631
42633,3631
42634,3631
42635,3631
42636,3631
42637,3631
42638,3631
42639,3631
42640,3631
42641,3631
42642,3631
42643,3631
42644,3631
42645,3631
42646,3631
42647,3631
42648,3631
42649,3631
42650,3631
42651,3631
42652,3631
42653,3631
42654,3631
42655,3631
42656,3631
42657,3631
42658,3631
42659,3631
42660,3631
42661,3631
42662,3631
42663,3631
42664,3631
42665,3631
42666,3631
42667,3631
42668,3631
42669,3631
42670,3631
42671,3631
42672,3631
42673,3631
42674,3631
42675,3631
42676,3631
42677,3631
42678,3631
42679,3631
42680,3631
42681,3631
42682,3631
42683,3631
42684,3631
42685,3631
42686,3631
42687,3631
42688,3631
42689,3631
42690,3631
42691,3631
42692,3631
42693,3631
42694,3631
42695,3631
42696,3631
42697,3631
42698,3631
42699,3631
42700,3634
42701,3634
42702,3634
42703,3634
42704,3634
42705,3634
42706,3634
42707,3634
42708,3634
42709,3634
42710,3634
42711,3634
42712,3634
42713,3634
42714,3634
42715,3634
42716,3634
42717,3634
42718,3634
42719,3634
42720,3634
42721,3634
42722,3634
42723,3634
42724,3634
42725,3634
42726,3634
42727,3634
42728,3634
42729,3634
42730,3634
42731,3634
42732,3634
42733,3634
42734,3634
42735,3634
42736,3634
42737,3634
42738,3634
42739,3634
42740,3634
42741,3634
42742,3634
42743,3634
42744,3634
42745,3634
42746,3634
42747,3634
42748,3634
42749,3634
42750,3634
42751,3634
42752,3634
42753,3634
42754,3634
42755,3634
42756,3634
42757,3634
42758,3634
42759,3634
42760,3634
42761,3634
42762,3634
42763,3634
42764,3634
42765,3634
42766,3634
42767,3634
42768,3634
42769,3634
42770,3634
42771,3634
42772,3634
42773,3634
42774,3634
42775,3634
42776,3634
42777,3634
42778,3634
42779,3634
42780,3634
42781,3634
42782,3634
42783,3634
42784,3634
42785,3634
42786,3634
42787,3634
42788,3634
42789,3634
42790,3634
42791,3634
42792,3634
42793,3634
42794,3634
42795,3634
42796,3634
42797,3634
42798,3634
42799,3634
42800,3634
42801,3634
42802,3634
42803,3634
42804,3634
42805,3634
42806,3634
42807,3634
42808,3634
42809,3634
42810,3634
42811,3634
42812,3634
42813,3634
42814,3634
42815,3634
42816,3634
42817,3634
42818,3634
42819,3634
42820,3634
42821,3634
42822,3634
42823,3634
42824,3634
42825,3634
42826,3634
42827,3634
42828,3634
42829,3634
42830,3634
42831,3634
42832,3634
42833,3634
42834,3634
42835,3634
42836,3634
42837,3634
42838,3634
42839,3634
42840,3634
42841,3634
42842,3634
42843,3634
42844,3634
42845,3634
42846,3634
42847,3634
42848,3634
42849,3634
42850,3634
42851,3634
42852,3634
42853,3634
42854,3634
42855,3634
42856,3634
42857,3634
42858,3634
42859,3634
42860,3634
42861,3634
42862,3634
42863,3634
42864,3634
42865,3634
42866,3634
42867,3634
42868,3634
42869,3634
42870,3634
42871,3634
42872,3634
42873,3634
42874,3634
42875,3634
42876,3634
42877,3634
42878,3634
42879,3634
42880,3634
42881,3634
42882,3634
42883,3634
42884,3634
42885,3634
42886,3634
42887,3634
42888,3634
42889,3634
42890,3634
42891,3634
42892,3634
42893,3634
42894,3634
42895,3634
42896,3634
42897,3634
42898,3634
42899,3634
42900,3634
42901,3634
42902,3634
42903,3634
42904,3634
42905,3634
42906,3634
42907,3634
42908,3634
42909,3634
42910,3634
42911,3634
42912,3634
42913,3634
42914,3634
42915,3634
42916,3634
42917,3634
42918,3634
42919,3634
42920,3634
42921,3634
42922,3634
42923,3634
42924,3634
42925,3634
42926,3634
42927,3634
42928,3634
42929,3634
42930,3634
42931,3634
42932,3634
42933,3634
42934,3634
42935,3634
42936,3634
42937,3634
42938,3634
42939,3634
42940,3634
42941,3634
42942,3634
42943,3634
42944,3634
42945,3634
42946,3634
42947,3634
42948,3634
42949,3634
42950,3634
42951,3634
42952,3634
42953,3634
42954,3634
42955,3634
42956,3634
42957,3634
42958,3634
42959,3634
42960,3634
42961,3634
42962,3634
42963,3634
42964,3634
42965,3634
42966,3634
42967,3634
42968,3634
42969,3634
42970,3634
42971,3634
42972,3634
42973,3634
42974,3634
42975,3634
42976,3634
42977,3634
42978,3634
42979,3634
42980,3634
42981,3634
42982,3634
42983,3634
42984,3634
42985,3634
42986,3634
42987,3634
42988,3634
42989,3634
42990,3634
42991,3634
42992,3634
42993,3634
42994,3634
42995,3634
42996,3634
42997,3634
42998,3634
42999,3634
43000,3634
43001,3634
43002,3634
43003,3634
43004,3634
43005,3634
43006,3634
43007,3634
43008,3634
43009,3634
43010,3634
43011,3634
43012,3634
43013,3634
43014,3634
43015,3634
43016,3634
43017,3634
43018,3634
43019,3634
43020,3634
43021,3634
43022,3634
43023,3634
43024,3634
43025,3634
43026,3634
43027,3634
43028,3634
43029,3634
43030,3634
43031,3634
43032,3634
43033,3634
43034,3634
43035,3634
43036,3634
43037,3634
43038,3634
43039,3634
43040,3634
43041,3634
43042,3634
43043,3634
43044,3634
43045,3634
43046,3634
43047,3634
43048,3634
43049,3634
43050,3634
43051,3634
43052,3634
43053,3634
43054,3634
43055,3634
43056,3634
43057,3634
43058,3634
43059,3634
43060,3634
43061,3634
43062,3634
43063,3634
43064,3634
43065,3634
43066,3634
43067,3634
43068,3634
43069,3634
43070,3634
43071,3634
43072,3634
43073,3634
43074,3634
43075,3634
43076,3634
43077,3634
43078,3634
43079,3634
43080,3634
43081,3634
43082,3634
43083,3634
43084,3634
43085,3634
43086,3634
43087,3634
43088,3634
43089,3634
43090,3634
43091,3634
43092,3634
43093,3634
43094,3634
43095,3634
43096,3634
43097,3634
43098,3634
43099,3634
43100,3634
43101,3634
43102,3634
43103,3634
43104,3634
43105,3634
43106,3634
43107,3634
43108,3634
43109,3634
43110,3634
43111,3634
43112,3634
43113,3634
43114,3634
43115,3634
43116,3634
43117,3634
43118,3634
43119,3634
43120,3634
43121,3634
43122,3634
43123,3634
43124,3634
43125,3634
43126,3634
43127,3634
43128,3634
43129,3634
43130,3634
43131,3634
43132,3634
43133,3634
43134,3634
43135,3634
43136,3634
43137,3634
43138,3634
43139,3634
43140,3634
43141,3634
43142,3634
43143,3634
43144,3634
43145,3634
43146,3634
43147,3634
43148,3634
43149,3634
43150,3634
43151,3634
43152,3634
43153,3634
43154,3634
43155,3634
43156,3634
43157,3634
43158,3634
43159,3634
43160,3634
43161,3634
43162,3634
43163,3634
43164,3634
43165,3634
43166,3634
43167,3634
43168,3634
43169,3634
43170,3634
43171,3634
43172,3634
43173,3634
43174,3634
43175,3634
43176,3634
43177,3634
43178,3634
43179,3634
43180,3634
43181,3634
43182,3634
43183,3634
43184,3634
43185,3634
43186,3634
43187,3634
43188,3634
43189,3634
43190,3634
43191,3634
43192,3634
43193,3634
43194,3634
43195,3634
43196,3634
43197,3634
43198,3634
43199,3634
43200,3634
43201,3634
43202,3634
43203,3634
43204,3634
43205,3634
43206,3634
43207,3634
43208,3634
43209,3634
43210,3634
43211,3634
43212,3634
43213,3634
43214,3634
43215,3634
43216,3634
43217,3634
43218,3634
43219,3634
43220,3634
43221,3634
43222,3634
43223,3634
43224,3634
43225,3634
43226,3634
43227,3634
43228,3634
43229,3634
43230,3634
43231,3634
43232,3634
43233,3634
43234,3634
43235,3634
43236,3634
43237,3634
43238,3634
43239,3634
43240,3634
43241,3634
43242,3634
43243,3634
43244,3634
43245,3634
43246,3634
43247,3634
43248,3634
43249,3634
43250,3634
43251,3634
43252,3634
43253,3634
43254,3634
43255,3634
43256,3634
43257,3634
43258,3634
43259,3634
43260,3634
43261,3634
43262,3634
43263,3634
43264,3634
43265,3634
43266,3634
43267,3634
43268,3634
43269,3634
43270,3634
43271,3634
43272,3634
43273,3634
43274,3634
43275,3634
43276,3634
43277,3634
43278,3634
43279,3634
43280,3634
43281,3634
43282,3634
43283,3634
43284,3634
43285,3634
43286,3634
43287,3634
43288,3634
43289,3634
43290,3634
43291,3634
43292,3634
43293,3634
43294,3634
43295,3634
43296,3634
43297,3634
43298,3634
43299,3634
43300,3634
43301,3634
43302,3634
43303,3634
43304,3634
43305,3634
43306,3634
43307,3634
43308,3634
43309,3634
43310,3634
43311,3634
43312,3634
43313,3634
43314,3634
43315,3634
43316,3634
43317,3634
43318,3634
43319,3634
43320,3634
43321,3634
43322,3634
43323,3634
43324,3634
43325,3634
43326,3634
43327,3634
43328,3634
43329,3634
43330,3634
43331,3634
43332,3634
43333,3634
43334,3634
43335,3634
43336,3634
43337,3634
43338,3634
43339,3634
43340,3634
43341,3634
43342,3634
43343,3634
43344,3634
43345,3634
43346,3634
43347,3634
43348,3634
43349,3634
43350,3634
43351,3634
43352,3634
43353,3634
43354,3634
43355,3634
43356,3634
43357,3634
43358,3634
43359,3634
43360,3634
43361,3634
43362,3634
43363,3634
43364,3634
43365,3634
43366,3634
43367,3634
43368,3634
43369,3634
43370,3634
43371,3634
43372,3634
43373,3634
43374,3634
43375,3634
43376,3634
43377,3634
43378,3634
43379,3634
43380,3634
43381,3634
43382,3634
43383,3634
43384,3634
43385,3634
43386,3634
43387,3634
43388,3634
43389,3634
43390,3634
43391,3634
43392,3634
43393,3634
43394,3634
43395,3634
43396,3634
43397,3634
43398,3634
43399,3634
43400,3634
43401,3634
43402,3634
43403,3634
43404,3634
43405,3634
43406,3634
43407,3634
43408,3634
43409,3634
43410,3634
43411,3634
43412,3634
43413,3634
43414,3634
43415,3634
43416,3634
43417,3634
43418,3634
43419,3634
43420,3634
43421,3634
43422,3634
43423,3634
43424,3634
43425,3634
43426,3634
43427,3634
43428,3634
43429,3634
43430,3634
43431,3634
43432,3634
43433,3634
43434,3634
43435,3634
43436,3634
43437,3634
43438,3634
43439,3634
43440,3634
43441,3634
43442,3634
43443,3634
43444,3634
43445,3634
43446,3634
43447,3634
43448,3634
43449,3634
43450,3634
43451,3634
43452,3634
43453,3634
43454,3634
43455,3634
43456,3634
43457,3634
43458,3634
43459,3634
43460,3634
43461,3634
43462,3634
43463,3634
43464,3634
43465,3634
43466,3634
43467,3634
43468,3634
43469,3634
43470,3634
43471,3634
43472,3634
43473,3634
43474,3634
43475,3634
43476,3634
43477,3634
43478,3634
43479,3634
43480,3634
43481,3634
43482,3634
43483,3634
43484,3634
43485,3634
43486,3634
43487,3634
43488,3634
43489,3634
43490,3634
43491,3634
43492,3634
43493,3634
43494,3634
43495,3634
43496,3634
43497,3634
43498,3634
43499,3634
43500,3634
43501,3634
43502,3634
43503,3634
43504,3634
43505,3634
43506,3634
43507,3634
43508,3634
43509,3634
43510,3634
43511,3634
43512,3634
43513,3634
43514,3634
43515,3634
43516,3634
43517,3634
43518,3634
43519,3634
43520,3634
43521,3634
43522,3634
43523,3634
43524,3634
43525,3634
43526,3637
43527,3637
43528,3637
43529,3637
43530,3637
43531,3637
43532,3637
43533,3637
43534,3637
43535,3637
43536,3637
43537,3637
43538,3637
43539,3637
43540,3637
43541,3637
43542,3637
43543,3637
43544,3637
43545,3637
43546,3637
43547,3637
43548,3637
43549,3637
43550,3637
43551,3637
43552,3637
43553,3637
43554,3637
43555,3637
43556,3637
43557,3637
43558,3637
43559,3637
43560,3637
43561,3637
43562,3637
43563,3637
43564,3637
43565,3637
43566,3637
43567,3637
43568,3637
43569,3637
43570,3637
43571,3637
43572,3637
43573,3637
43574,3637
43575,3637
43576,3637
43577,3637
43578,3637
43579,3637
43580,3637
43581,3637
43582,3637
43583,3637
43584,3637
43585,3637
43586,3637
43587,3637
43588,3637
43589,3637
43590,3637
43591,3637
43592,3637
43593,3637
43594,3637
43595,3637
43596,3637
43597,3637
43598,3637
43599,3637
43600,3637
43601,3637
43602,3637
43603,3637
43604,3637
43605,3637
43606,3637
43607,3637
43608,3637
43609,3637
43610,3637
43611,3637
43612,3637
43613,3637
43614,3637
43615,3637
43616,3637
43617,3637
43618,3637
43619,3637
43620,3637
43621,3637
43622,3637
43623,3637
43624,3637
43625,3637
43626,3637
43627,3637
43628,3637
43629,3637
43630,3637
43631,3637
43632,3637
43633,3637
43634,3637
43635,3637
43636,3637
43637,3637
43638,3637
43639,3637
43640,3637
43641,3637
43642,3637
43643,3637
43644,3637
43645,3637
43646,3637
43647,3637
43648,3637
43649,3637
43650,3637
43651,3637
43652,3637
43653,3637
43654,3637
43655,3637
43656,3637
43657,3637
43658,3637
43659,3637
43660,3637
43661,3637
43662,3637
43663,3637
43664,3637
43665,3637
43666,3637
43667,3637
43668,3637
43669,3637
43670,3637
43671,3637
43672,3637
43673,3637
43674,3637
43675,3637
43676,3637
43677,3637
43678,3637
43679,3637
43680,3637
43681,3637
43682,3637
43683,3637
43684,3637
43685,3637
43686,3637
43687,3637
43688,3637
43689,3637
43690,3637
43691,3637
43692,3637
43693,3637
43694,3637
43695,3637
43696,3637
43697,3637
43698,3637
43699,3637
43700,3637
43701,3637
43702,3637
43703,3637
43704,3637
43705,3637
43706,3637
43707,3637
43708,3637
43709,3637
43710,3637
43711,3637
43712,3637
43713,3637
43714,3637
43715,3637
43716,3637
43717,3637
43718,3637
43719,3637
43720,3637
43721,3637
43722,3637
43723,3637
43724,3637
43725,3637
43726,3637
43727,3637
43728,3637
43729,3637
43730,3637
43731,3637
43732,3637
43733,3637
43734,3637
43735,3637
43736,3637
43737,3637
43738,3637
43739,3637
43740,3637
43741,3637
43742,3637
43743,3637
43744,3637
43745,3637
43746,3637
43747,3637
43748,3637
43749,3637
43750,3637
43751,3637
43752,3637
43753,3637
43754,3637
43755,3637
43756,3637
43757,3637
43758,3637
43759,3637
43760,3637
43761,3637
43762,3637
43763,3637
43764,3637
43765,3637
43766,3637
43767,3637
43768,3637
43769,3637
43770,3637
43771,3637
43772,3637
43773,3637
43774,3637
43775,3637
43776,3637
43777,3637
43778,3637
43779,3637
43780,3637
43781,3637
43782,3637
43783,3637
43784,3637
43785,3637
43786,3637
43787,3637
43788,3637
43789,3637
43790,3637
43791,3637
43792,3637
43793,3637
43794,3637
43795,3637
43796,3637
43797,3637
43798,3637
43799,3637
43800,3637
43801,3637
43802,3637
43803,3637
43804,3637
43805,3637
43806,3637
43807,3637
43808,3637
43809,3637
43810,3637
43811,3637
43812,3637
43813,3637
43814,3637
43815,3637
43816,3637
43817,3637
43818,3637
43819,3637
43820,3637
43821,3637
43822,3637
43823,3637
43824,3637
43825,3637
43826,3637
43827,3637
43828,3637
43829,3637
43830,3637
43831,3637
43832,3637
43833,3637
43834,3637
43835,3637
43836,3638
43837,3638
43838,3638
43839,3638
43840,3638
43841,3638
43842,3638
43843,3638
43844,3638
43845,3638
43846,3638
43847,3638
43848,3638
43849,3638
43850,3638
43851,3638
43852,3638
43853,3638
43854,3638
43855,3638
43856,3638
43857,3638
43858,3638
43859,3638
43860,3638
43861,3638
43862,3638
43863,3638
43864,3638
43865,3638
43866,3638
43867,3638
43868,3638
43869,3638
43870,3638
43871,3638
43872,3638
43873,3638
43874,3638
43875,3638
43876,3638
43877,3638
43878,3638
43879,3638
43880,3638
43881,3638
43882,3638
43883,3638
43884,3638
43885,3638
43886,3638
43887,3638
43888,3638
43889,3638
43890,3638
43891,3638
43892,3638
43893,3638
43894,3638
43895,3638
43896,3638
43897,3638
43898,3638
43899,3638
43900,3638
43901,3638
43902,3638
43903,3638
43904,3638
43905,3638
43906,3638
43907,3638
43908,3638
43909,3638
43910,3638
43911,3638
43912,3638
43913,3638
43914,3638
43915,3638
43916,3638
43917,3638
43918,3638
43919,3638
43920,3638
43921,3638
43922,3638
43923,3638
43924,3638
43925,3638
43926,3638
43927,3638
43928,3638
43929,3638
43930,3638
43931,3638
43932,3638
43933,3638
43934,3638
43935,3638
43936,3638
43937,3638
43938,3638
43939,3638
43940,3638
43941,3638
43942,3638
43943,3638
43944,3638
43945,3638
43946,3638
43947,3638
43948,3638
43949,3638
43950,3638
43951,3638
43952,3638
43953,3640
43954,3640
43955,3640
43956,3640
43957,3640
43958,3640
43959,3640
43960,3640
43961,3640
43962,3640
43963,3640
43964,3640
43965,3640
43966,3640
43967,3640
43968,3640
43969,3640
43970,3640
43971,3640
43972,3640
43973,3640
43974,3640
43975,3640
43976,3640
43977,3640
43978,3640
43979,3640
43980,3640
43981,3640
43982,3640
43983,3640
43984,3640
43985,3640
43986,3640
43987,3640
43988,3640
43989,3640
43990,3640
43991,3640
43992,3640
43993,3640
43994,3640
43995,3640
43996,3640
43997,3640
43998,3640
43999,3640
44000,3640
44001,3640
44002,3640
44003,3640
44004,3640
44005,3640
44006,3640
44007,3640
44008,3640
44009,3640
44010,3640
44011,3640
44012,3640
44013,3640
44014,3640
44015,3640
44016,3640
44017,3640
44018,3640
44019,3640
44020,3640
44021,3640
44022,3640
44023,3640
44024,3640
44025,3640
44026,3640
44027,3640
44028,3640
44029,3640
44030,3640
44031,3640
44032,3640
44033,3640
44034,3640
44035,3640
44036,3640
44037,3640
44038,3640
44039,3640
44040,3640
44041,3640
44042,3640
44043,3640
44044,3640
44045,3640
44046,3640
44047,3640
44048,3640
44049,3640
44050,3640
44051,3640
44052,3640
44053,3640
44054,3640
44055,3640
44056,3640
44057,3642
44058,3642
44059,3642
44060,3642
44061,3642
44062,3642
44063,3642
44064,3642
44065,3642
44066,3642
44067,3642
44068,3642
44069,3642
44070,3642
44071,3642
44072,3642
44073,3642
44074,3642
44075,3642
44076,3642
44077,3642
44078,3642
44079,3642
44080,3642
44081,3642
44082,3642
44083,3642
44084,3642
44085,3642
44086,3642
44087,3642
44088,3642
44089,3642
44090,3642
44091,3642
44092,3642
44093,3642
44094,3642
44095,3642
44096,3642
44097,3642
44098,3642
44099,3642
44100,3642
44101,3642
44102,3642
44103,3642
44104,3642
44105,3642
44106,3642
44107,3642
44108,3642
44109,3642
44110,3642
44111,3642
44112,3642
44113,3642
44114,3642
44115,3642
44116,3642
44117,3642
44118,3642
44119,3642
44120,3642
44121,3642
44122,3642
44123,3642
44124,3642
44125,3642
44126,3642
44127,3642
44128,3642
44129,3642
44130,3642
44131,3642
44132,3642
44133,3642
44134,3642
44135,3642
44136,3642
44137,3642
44138,3642
44139,3642
44140,3642
44141,3642
44142,3642
44143,3642
44144,3642
44145,3642
44146,3642
44147,3642
44148,3642
44149,3642
44150,3642
44151,3642
44152,3642
44153,3642
44154,3642
44155,3642
44156,3642
44157,3642
44158,3642
44159,3642
44160,3642
44161,3642
44162,3642
44163,3642
44164,3642
44165,3642
44166,3642
44167,3642
44168,3642
44169,3642
44170,3642
44171,3642
44172,3642
44173,3642
44174,3642
44175,3642
44176,3642
44177,3642
44178,3642
44179,3642
44180,3642
44181,3642
44182,3642
44183,3642
44184,3642
44185,3644
44186,3644
44187,3644
44188,3644
44189,3644
44190,3644
44191,3644
44192,3644
44193,3644
44194,3644
44195,3644
44196,3644
44197,3644
44198,3644
44199,3644
44200,3644
44201,3644
44202,3644
44203,3644
44204,3644
44205,3644
44206,3644
44207,3644
44208,3644
44209,3644
44210,3644
44211,3644
44212,3644
44213,3644
44214,3644
44215,3644
44216,3644
44217,3644
44218,3644
44219,3644
44220,3644
44221,3644
44222,3644
44223,3644
44224,3644
44225,3644
44226,3644
44227,3644
44228,3644
44229,3644
44230,3644
44231,3644
44232,3644
44233,3644
44234,3644
44235,3644
44236,3644
44237,3644
44238,3644
44239,3644
44240,3644
44241,3644
44242,3644
44243,3644
44244,3644
44245,3644
44246,3644
44247,3644
44248,3644
44249,3644
44250,3644
44251,3644
44252,3644
44253,3644
44254,3644
44255,3644
44256,3644
44257,3644
44258,3644
44259,3644
44260,3644
44261,3644
44262,3644
44263,3644
44264,3644
44265,3644
44266,3644
44267,3644
44268,3644
44269,3644
44270,3644
44271,3644
44272,3644
44273,3644
44274,3644
44275,3644
44276,3644
44277,3644
44278,3644
44279,3644
44280,3644
44281,3644
44282,3644
44283,3644
44284,3644
44285,3644
44286,3644
44287,3644
44288,3644
44289,3644
44290,3644
44291,3644
44292,3644
44293,3644
44294,3644
44295,3644
44296,3644
44297,3644
44298,3644
44299,3644
44300,3644
44301,3644
44302,3644
44303,3644
44304,3644
44305,3644
44306,3644
44307,3644
44308,3644
44309,3644
44310,3644
44311,3644
44312,3644
44313,3644
44314,3644
44315,3644
44316,3644
44317,3644
44318,3644
44319,3644
44320,3644
44321,3644
44322,3644
44323,3644
44324,3644
44325,3644
44326,3644
44327,3644
44328,3644
44329,3644
44330,3644
44331,3644
44332,3644
44333,3644
44334,3644
44335,3644
44336,3644
44337,3644
44338,3644
44339,3644
44340,3644
44341,3644
44342,3644
44343,3644
44344,3644
44345,3644
44346,3644
44347,3644
44348,3644
44349,3644
44350,3644
44351,3644
44352,3644
44353,3644
44354,3644
44355,3644
44356,3644
44357,3644
44358,3644
44359,3644
44360,3644
44361,3644
44362,3644
44363,3644
44364,3644
44365,3644
44366,3644
44367,3644
44368,3644
44369,3644
44370,3644
44371,3644
44372,3644
44373,3644
44374,3644
44375,3644
44376,3644
44377,3644
44378,3644
44379,3644
44380,3644
44381,3644
44382,3644
44383,3644
44384,3644
44385,3644
44386,3644
44387,3644
44388,3644
44389,3644
44390,3644
44391,3644
44392,3644
44393,3644
44394,3644
44395,3644
44396,3644
44397,3644
44398,3644
44399,3644
44400,3644
44401,3644
44402,3644
44403,3644
44404,3644
44405,3644
44406,3644
44407,3644
44408,3644
44409,3644
44410,3644
44411,3644
44412,3644
44413,3644
44414,3644
44415,3644
44416,3644
44417,3644
44418,3644
44419,3644
44420,3644
44421,3644
44422,3644
44423,3644
44424,3644
44425,3644
44426,3644
44427,3644
44428,3644
44429,3644
44430,3644
44431,3644
44432,3644
44433,3644
44434,3644
44435,3644
44436,3644
44437,3644
44438,3644
44439,3644
44440,3644
44441,3644
44442,3644
44443,3644
44444,3644
44445,3644
44446,3644
44447,3644
44448,3644
44449,3644
44450,3644
44451,3644
44452,3644
44453,3644
44454,3644
44455,3644
44456,3644
44457,3644
44458,3644
44459,3644
44460,3644
44461,3644
44462,3644
44463,3644
44464,3644
44465,3644
44466,3644
44467,3644
44468,3644
44469,3644
44470,3644
44471,3644
44472,3644
44473,3644
44474,3644
44475,3644
44476,3644
44477,3644
44478,3644
44479,3644
44480,3644
44481,3644
44482,3644
44483,3644
44484,3644
44485,3644
44486,3644
44487,3644
44488,3644
44489,3644
44490,3644
44491,3644
44492,3644
44493,3644
44494,3644
44495,3644
44496,3644
44497,3644
44498,3645
44499,3645
44500,3645
44501,3645
44502,3645
44503,3645
44504,3645
44505,3645
44506,3645
44507,3645
44508,3645
44509,3645
44510,3645
44511,3645
44512,3645
44513,3645
44514,3645
44515,3645
44516,3645
44517,3645
44518,3645
44519,3645
44520,3645
44521,3645
44522,3645
44523,3645
44524,3645
44525,3645
44526,3645
44527,3645
44528,3645
44529,3645
44530,3645
44531,3645
44532,3645
44533,3645
44534,3645
44535,3645
44536,3645
44537,3645
44538,3645
44539,3645
44540,3645
44541,3645
44542,3645
44543,3645
44544,3645
44545,3645
44546,3645
44547,3645
44548,3645
44549,3645
44550,3645
44551,3645
44552,3645
44553,3645
44554,3645
44555,3645
44556,3645
44557,3645
44558,3645
44559,3645
44560,3645
44561,3645
44562,3645
44563,3645
44564,3645
44565,3645
44566,3645
44567,3645
44568,3645
44569,3645
44570,3645
44571,3645
44572,3645
44573,3645
44574,3645
44575,3645
44576,3645
44577,3645
44578,3645
44579,3645
44580,3645
44581,3645
44582,3645
44583,3645
44584,3645
44585,3645
44586,3645
44587,3645
44588,3645
44589,3645
44590,3645
44591,3645
44592,3645
44593,3645
44594,3645
44595,3645
44596,3645
44597,3645
44598,3645
44599,3645
44600,3645
44601,3645
44602,3645
44603,3645
44604,3645
44605,3645
44606,3645
44607,3645
44608,3645
44609,3645
44610,3645
44611,3645
44612,3645
44613,3645
44614,3645
44615,3645
44616,3645
44617,3645
44618,3645
44619,3645
44620,3645
44621,3645
44622,3645
44623,3645
44624,3645
44625,3645
44626,3645
44627,3645
44628,3645
44629,3645
44630,3645
44631,3645
44632,3645
44633,3645
44634,3645
44635,3645
44636,3645
44637,3645
44638,3645
44639,3645
44640,3645
44641,3645
44642,3645
44643,3645
44644,3645
44645,3645
44646,3645
44647,3645
44648,3645
44649,3645
44650,3645
44651,3645
44652,3645
44653,3645
44654,3645
44655,3645
44656,3645
44657,3645
44658,3645
44659,3645
44660,3645
44661,3645
44662,3645
44663,3645
44664,3645
44665,3645
44666,3645
44667,3645
44668,3645
44669,3645
44670,3645
44671,3645
44672,3645
44673,3645
44674,3645
44675,3645
44676,3645
44677,3645
44678,3645
44679,3645
44680,3645
44681,3645
44682,3645
44683,3645
44684,3645
44685,3645
44686,3645
44687,3645
44688,3645
44689,3645
44690,3645
44691,3645
44692,3647
44693,3647
44694,3647
44695,3647
44696,3647
44697,3647
44698,3647
44699,3647
44700,3647
44701,3647
44702,3647
44703,3647
44704,3647
44705,3647
44706,3647
44707,3647
44708,3647
44709,3647
44710,3647
44711,3647
44712,3647
44713,3647
44714,3647
44715,3647
44716,3647
44717,3647
44718,3647
44719,3647
44720,3647
44721,3647
44722,3647
44723,3647
44724,3647
44725,3647
44726,3647
44727,3647
44728,3647
44729,3647
44730,3647
44731,3647
44732,3647
44733,3647
44734,3647
44735,3647
44736,3647
44737,3647
44738,3647
44739,3647
44740,3647
44741,3647
44742,3647
44743,3647
44744,3647
44745,3647
44746,3647
44747,3647
44748,3647
44749,3647
44750,3647
44751,3647
44752,3647
44753,3647
44754,3647
44755,3647
44756,3647
44757,3647
44758,3647
44759,3647
44760,3647
44761,3647
44762,3647
44763,3647
44764,3647
44765,3647
44766,3647
44767,3647
44768,3647
44769,3647
44770,3647
44771,3647
44772,3647
44773,3647
44774,3647
44775,3647
44776,3647
44777,3647
44778,3647
44779,3647
44780,3647
44781,3647
44782,3647
44783,3647
44784,3647
44785,3647
44786,3647
44787,3647
44788,3647
44789,3647
44790,3647
44791,3647
44792,3647
44793,3647
44794,3647
44795,3647
44796,3647
44797,3647
44798,3647
44799,3647
44800,3647
44801,3647
44802,3647
44803,3647
44804,3647
44805,3647
44806,3647
44807,3647
44808,3647
44809,3647
44810,3647
44811,3647
44812,3647
44813,3647
44814,3647
44815,3647
44816,3647
44817,3647
44818,3647
44819,3647
44820,3647
44821,3647
44822,3647
44823,3647
44824,3647
44825,3647
44826,3647
44827,3647
44828,3647
44829,3647
44830,3647
44831,3647
44832,3647
44833,3647
44834,3647
44835,3647
44836,3647
44837,3647
44838,3647
44839,3647
44840,3647
44841,3647
44842,3647
44843,3647
44844,3647
44845,3647
44846,3647
44847,3647
44848,3647
44849,3647
44850,3647
44851,3647
44852,3647
44853,3647
44854,3647
44855,3647
44856,3647
44857,3647
44858,3647
44859,3647
44860,3647
44861,3647
44862,3647
44863,3647
44864,3647
44865,3647
44866,3647
44867,3647
44868,3647
44869,3647
44870,3647
44871,3647
44872,3647
44873,3647
44874,3647
44875,3647
44876,3647
44877,3647
44878,3647
44879,3647
44880,3647
44881,3647
44882,3647
44883,3647
44884,3647
44885,3647
44886,3647
44887,3647
44888,3647
44889,3647
44890,3647
44891,3647
44892,3647
44893,3647
44894,3647
44895,3647
44896,3647
44897,3647
44898,3647
44899,3647
44900,3649
44901,3649
44902,3649
44903,3649
44904,3649
44905,3649
44906,3649
44907,3649
44908,3649
44909,3649
44910,3649
44911,3649
44912,3649
44913,3649
44914,3649
44915,3649
44916,3649
44917,3649
44918,3649
44919,3649
44920,3649
44921,3649
44922,3649
44923,3649
44924,3649
44925,3649
44926,3649
44927,3649
44928,3649
44929,3649
44930,3649
44931,3649
44932,3649
44933,3649
44934,3649
44935,3649
44936,3649
44937,3649
44938,3649
44939,3649
44940,3649
44941,3649
44942,3649
44943,3649
44944,3649
44945,3649
44946,3649
44947,3649
44948,3649
44949,3649
44950,3649
44951,3649
44952,3649
44953,3649
44954,3649
44955,3649
44956,3649
44957,3649
44958,3649
44959,3649
44960,3649
44961,3649
44962,3649
44963,3649
44964,3649
44965,3649
44966,3649
44967,3649
44968,3649
44969,3649
44970,3649
44971,3649
44972,3649
44973,3649
44974,3649
44975,3649
44976,3649
44977,3649
44978,3649
44979,3649
44980,3649
44981,3649
44982,3649
44983,3649
44984,3649
44985,3649
44986,3649
44987,3649
44988,3649
44989,3649
44990,3649
44991,3649
44992,3649
44993,3649
44994,3649
44995,3649
44996,3649
44997,3649
44998,3649
44999,3649
45000,3649
45001,3649
45002,3649
45003,3649
45004,3649
45005,3649
45006,3649
45007,3649
45008,3649
45009,3649
45010,3649
45011,3649
45012,3649
45013,3649
45014,3649
45015,3649
45016,3649
45017,3649
45018,3649
45019,3649
45020,3649
45021,3649
45022,3649
45023,3649
45024,3649
45025,3649
45026,3649
45027,3649
45028,3649
45029,3649
45030,3649
45031,3649
45032,3649
45033,3649
45034,3649
45035,3649
45036,3649
45037,3649
45038,3649
45039,3649
45040,3649
45041,3649
45042,3649
45043,3649
45044,3649
45045,3649
45046,3649
45047,3649
45048,3650
45049,3650
45050,3650
45051,3650
45052,3650
45053,3650
45054,3650
45055,3650
45056,3650
45057,3650
45058,3650
45059,3650
45060,3650
45061,3650
45062,3650
45063,3650
45064,3650
45065,3650
45066,3650
45067,3650
45068,3650
45069,3650
45070,3650
45071,3650
45072,3650
45073,3650
45074,3650
45075,3650
45076,3650
45077,3650
45078,3650
45079,3650
45080,3650
45081,3650
45082,3650
45083,3650
45084,3650
45085,3650
45086,3650
45087,3650
45088,3650
45089,3650
45090,3650
45091,3650
45092,3650
45093,3650
45094,3650
45095,3650
45096,3650
45097,3650
45098,3650
45099,3650
45100,3650
45101,3650
45102,3650
45103,3650
45104,3650
45105,3650
45106,3650
45107,3650
45108,3650
45109,3650
45110,3650
45111,3650
45112,3650
45113,3650
45114,3650
45115,3650
45116,3650
45117,3650
45118,3650
45119,3650
45120,3650
45121,3650
45122,3650
45123,3650
45124,3650
45125,3650
45126,3650
45127,3650
45128,3650
45129,3650
45130,3650
45131,3650
45132,3650
45133,3650
45134,3650
45135,3650
45136,3650
45137,3650
45138,3650
45139,3650
45140,3650
45141,3650
45142,3650
45143,3650
45144,3650
45145,3650
45146,3650
45147,3650
45148,3650
45149,3650
45150,3650
45151,3650
45152,3650
45153,3650
45154,3650
45155,3650
45156,3650
45157,3650
45158,3650
45159,3650
45160,3650
45161,3650
45162,3650
45163,3650
45164,3650
45165,3650
45166,3650
45167,3650
45168,3650
45169,3650
45170,3650
45171,3650
45172,3650
45173,3650
45174,3650
45175,3650
45176,3650
45177,3650
45178,3650
45179,3650
45180,3650
45181,3650
45182,3650
45183,3650
45184,3650
45185,3650
45186,3650
45187,3650
45188,3650
45189,3650
45190,3650
45191,3650
45192,3650
45193,3650
45194,3650
45195,3650
45196,3650
45197,3650
45198,3650
45199,3650
45200,3650
45201,3650
45202,3650
45203,3650
45204,3650
45205,3650
45206,3650
45207,3650
45208,3650
45209,3650
45210,3650
45211,3650
45212,3650
45213,3650
45214,3650
45215,3650
45216,3650
45217,3650
45218,3650
45219,3650
45220,3650
45221,3650
45222,3650
45223,3650
45224,3650
45225,3650
45226,3650
45227,3650
45228,3650
45229,3650
45230,3650
45231,3650
45232,3650
45233,3650
45234,3650
45235,3650
45236,3650
45237,3650
45238,3650
45239,3650
45240,3650
45241,3650
45242,3650
45243,3650
45244,3650
45245,3650
45246,3650
45247,3650
45248,3650
45249,3650
45250,3650
45251,3650
45252,3650
45253,3650
45254,3650
45255,3650
45256,3650
45257,3650
45258,3650
45259,3650
45260,3650
45261,3650
45262,3650
45263,3650
45264,3650
45265,3650
45266,3650
45267,3650
45268,3650
45269,3650
45270,3650
45271,3650
45272,3650
45273,3650
45274,3650
45275,3650
45276,3650
45277,3650
45278,3650
45279,3650
45280,3650
45281,3650
45282,3650
45283,3650
45284,3650
45285,3650
45286,3650
45287,3650
45288,3650
45289,3650
45290,3650
45291,3650
45292,3650
45293,3650
45294,3650
45295,3650
45296,3650
45297,3650
45298,3650
45299,3650
45300,3650
45301,3650
45302,3650
45303,3650
45304,3650
45305,3650
45306,3650
45307,3650
45308,3650
45309,3650
45310,3650
45311,3650
45312,3650
45313,3650
45314,3650
45315,3650
45316,3650
45317,3650
45318,3650
45319,3650
45320,3650
45321,3650
45322,3650
45323,3650
45324,3650
45325,3650
45326,3650
45327,3650
45328,3650
45329,3650
45330,3650
45331,3650
45332,3650
45333,3650
45334,3650
45335,3650
45336,3652
45337,3652
45338,3652
45339,3652
45340,3652
45341,3652
45342,3652
45343,3652
45344,3652
45345,3652
45346,3652
45347,3652
45348,3652
45349,3652
45350,3652
45351,3652
45352,3652
45353,3652
45354,3652
45355,3652
45356,3652
45357,3652
45358,3652
45359,3652
45360,3652
45361,3652
45362,3652
45363,3652
45364,3652
45365,3652
45366,3652
45367,3652
45368,3652
45369,3652
45370,3652
45371,3652
45372,3652
45373,3652
45374,3652
45375,3652
45376,3652
45377,3652
45378,3652
45379,3652
45380,3652
45381,3652
45382,3652
45383,3652
45384,3652
45385,3652
45386,3652
45387,3652
45388,3652
45389,3652
45390,3652
45391,3652
45392,3652
45393,3652
45394,3652
45395,3652
45396,3652
45397,3652
45398,3652
45399,3652
45400,3652
45401,3652
45402,3652
45403,3652
45404,3652
45405,3652
45406,3652
45407,3652
45408,3652
45409,3652
45410,3652
45411,3652
45412,3652
45413,3652
45414,3652
45415,3652
45416,3652
45417,3652
45418,3652
45419,3652
45420,3652
45421,3652
45422,3652
45423,3652
45424,3652
45425,3652
45426,3652
45427,3652
45428,3652
45429,3652
45430,3652
45431,3652
45432,3652
45433,3652
45434,3652
45435,3652
45436,3652
45437,3652
45438,3652
45439,3652
45440,3652
45441,3652
45442,3652
45443,3652
45444,3652
45445,3652
45446,3652
45447,3652
45448,3652
45449,3652
45450,3652
45451,3652
45452,3652
45453,3652
45454,3652
45455,3652
45456,3652
45457,3652
45458,3652
45459,3652
45460,3652
45461,3652
45462,3652
45463,3652
45464,3652
45465,3652
45466,3652
45467,3652
45468,3652
45469,3652
45470,3652
45471,3652
45472,3652
45473,3652
45474,3652
45475,3652
45476,3652
45477,3652
45478,3652
45479,3652
45480,3652
45481,3652
45482,3652
45483,3652
45484,3652
45485,3652
45486,3652
45487,3652
45488,3652
45489,3652
45490,3652
45491,3652
45492,3652
45493,3652
45494,3652
45495,3652
45496,3652
45497,3652
45498,3652
45499,3652
45500,3652
45501,3652
45502,3652
45503,3652
45504,3652
45505,3652
45506,3652
45507,3652
45508,3652
45509,3652
45510,3652
45511,3652
45512,3652
45513,3652
45514,3652
45515,3652
45516,3652
45517,3652
45518,3652
45519,3652
45520,3652
45521,3652
45522,3652
45523,3652
45524,3652
45525,3652
45526,3652
45527,3652
45528,3652
45529,3652
45530,3652
45531,3652
45532,3652
45533,3652
45534,3652
45535,3652
45536,3652
45537,3652
45538,3652
45539,3652
45540,3652
45541,3652
45542,3652
45543,3652
45544,3652
45545,3652
45546,3652
45547,3652
45548,3652
45549,3652
45550,3652
45551,3652
45552,3652
45553,3652
45554,3652
45555,3652
45556,3652
45557,3652
45558,3652
45559,3652
45560,3652
45561,3652
45562,3652
45563,3652
45564,3652
45565,3652
45566,3652
45567,3652
45568,3652
45569,3652
45570,3652
45571,3652
45572,3652
45573,3652
45574,3652
45575,3652
45576,3652
45577,3652
45578,3652
45579,3652
45580,3652
45581,3652
45582,3652
45583,3652
45584,3652
45585,3652
45586,3652
45587,3652
45588,3652
45589,3652
45590,3652
45591,3652
45592,3652
45593,3652
45594,3652
45595,3652
45596,3652
45597,3652
45598,3652
45599,3652
45600,3652
45601,3652
45602,3652
45603,3652
45604,3652
45605,3652
45606,3652
45607,3652
45608,3652
45609,3652
45610,3652
45611,3652
45612,3652
45613,3652
45614,3652
45615,3652
45616,3652
45617,3652
45618,3652
45619,3652
45620,3652
45621,3652
45622,3652
45623,3652
45624,3652
45625,3652
45626,3652
45627,3652
45628,3652
45629,3652
45630,3652
45631,3652
45632,3652
45633,3652
45634,3652
45635,3652
45636,3652
45637,3652
45638,3652
45639,3652
45640,3652
45641,3652
45642,3652
45643,3652
45644,3652
45645,3652
45646,3652
45647,3652
45648,3652
45649,3652
45650,3652
45651,3652
45652,3652
45653,3652
45654,3652
45655,3652
45656,3652
45657,3652
45658,3652
45659,3652
45660,3652
45661,3652
45662,3652
45663,3652
45664,3652
45665,3652
45666,3652
45667,3652
45668,3652
45669,3652
45670,3652
45671,3652
45672,3652
45673,3652
45674,3652
45675,3652
45676,3652
45677,3652
45678,3652
45679,3652
45680,3652
45681,3652
45682,3652
45683,3652
45684,3652
45685,3652
45686,3660
45687,3660
45688,3660
45689,3660
45690,3660
45691,3660
45692,3660
45693,3660
45694,3660
45695,3660
45696,3660
45697,3660
45698,3660
45699,3660
45700,3660
45701,3660
45702,3660
45703,3660
45704,3660
45705,3660
45706,3660
45707,3660
45708,3660
45709,3660
45710,3660
45711,3660
45712,3660
45713,3660
45714,3660
45715,3660
45716,3660
45717,3660
45718,3660
45719,3660
45720,3660
45721,3660
45722,3660
45723,3660
45724,3660
45725,3660
45726,3660
45727,3660
45728,3660
45729,3660
45730,3660
45731,3660
45732,3660
45733,3660
45734,3660
45735,3660
45736,3660
45737,3660
45738,3660
45739,3660
45740,3660
45741,3660
45742,3660
45743,3660
45744,3660
45745,3660
45746,3660
45747,3660
45748,3660
45749,3660
45750,3660
45751,3660
45752,3660
45753,3660
45754,3660
45755,3660
45756,3660
45757,3660
45758,3660
45759,3660
45760,3660
45761,3660
45762,3660
45763,3660
45764,3660
45765,3660
45766,3660
45767,3660
45768,3660
45769,3660
45770,3660
45771,3660
45772,3660
45773,3660
45774,3660
45775,3660
45776,3660
45777,3660
45778,3660
45779,3660
45780,3660
45781,3660
45782,3660
45783,3660
45784,3660
45785,3660
45786,3660
45787,3660
45788,3660
45789,3660
45790,3660
45791,3660
45792,3660
45793,3660
45794,3660
45795,3660
45796,3660
45797,3660
45798,3660
45799,3660
45800,3660
45801,3660
45802,3660
45803,3660
45804,3660
45805,3660
45806,3660
45807,3660
45808,3660
45809,3660
45810,3660
45811,3660
45812,3660
45813,3660
45814,3660
45815,3660
45816,3660
45817,3660
45818,3660
45819,3660
45820,3660
45821,3660
45822,3660
45823,3660
45824,3660
45825,3660
45826,3660
45827,3660
45828,3660
45829,3660
45830,3660
45831,3660
45832,3660
45833,3660
45834,3660
45835,3660
45836,3660
45837,3660
45838,3660
45839,3660
45840,3660
45841,3660
45842,3660
45843,3660
45844,3660
45845,3660
45846,3660
45847,3660
45848,3660
45849,3660
45850,3660
45851,3660
45852,3660
45853,3660
45854,3662
45855,3662
45856,3662
45857,3662
45858,3662
45859,3662
45860,3662
45861,3662
45862,3662
45863,3662
45864,3662
45865,3662
45866,3662
45867,3662
45868,3662
45869,3662
45870,3662
45871,3662
45872,3662
45873,3662
45874,3662
45875,3662
45876,3662
45877,3662
45878,3662
45879,3662
45880,3662
45881,3662
45882,3662
45883,3662
45884,3662
45885,3662
45886,3662
45887,3662
45888,3662
45889,3662
45890,3662
45891,3662
45892,3662
45893,3662
45894,3662
45895,3662
45896,3662
45897,3662
45898,3662
45899,3662
45900,3662
45901,3662
45902,3662
45903,3662
45904,3662
45905,3662
45906,3662
45907,3662
45908,3662
45909,3662
45910,3662
45911,3662
45912,3662
45913,3665
45914,3665
45915,3665
45916,3665
45917,3665
45918,3665
45919,3665
45920,3665
45921,3665
45922,3665
45923,3665
45924,3665
45925,3665
45926,3665
45927,3665
45928,3665
45929,3665
45930,3665
45931,3665
45932,3665
45933,3665
45934,3665
45935,3665
45936,3665
45937,3665
45938,3665
45939,3665
45940,3665
45941,3665
45942,3665
45943,3665
45944,3665
45945,3665
45946,3665
45947,3665
45948,3665
45949,3665
45950,3665
45951,3665
45952,3665
45953,3665
45954,3665
45955,3665
45956,3665
45957,3665
45958,3665
45959,3665
45960,3665
45961,3665
45962,3665
45963,3665
45964,3665
45965,3665
45966,3665
45967,3665
45968,3665
45969,3665
45970,3665
45971,3665
45972,3665
45973,3665
45974,3665
45975,3665
45976,3665
45977,3665
45978,3665
45979,3665
45980,3665
45981,3665
45982,3665
45983,3665
45984,3665
45985,3665
45986,3665
45987,3665
45988,3665
45989,3665
45990,3665
45991,3665
45992,3665
45993,3665
45994,3665
45995,3665
45996,3665
45997,3665
45998,3665
45999,3665
46000,3665
46001,3665
46002,3665
46003,3665
46004,3665
46005,3665
46006,3665
46007,3665
46008,3665
46009,3665
46010,3665
46011,3665
46012,3665
46013,3665
46014,3665
46015,3667
46016,3667
46017,3667
46018,3667
46019,3667
46020,3667
46021,3667
46022,3667
46023,3667
46024,3667
46025,3667
46026,3667
46027,3667
46028,3667
46029,3667
46030,3667
46031,3667
46032,3667
46033,3667
46034,3667
46035,3667
46036,3667
46037,3667
46038,3667
46039,3667
46040,3667
46041,3667
46042,3667
46043,3667
46044,3667
46045,3667
46046,3667
46047,3667
46048,3667
46049,3667
46050,3667
46051,3667
46052,3667
46053,3667
46054,3667
46055,3667
46056,3667
46057,3667
46058,3667
46059,3667
46060,3667
46061,3667
46062,3667
46063,3667
46064,3667
46065,3667
46066,3667
46067,3667
46068,3667
46069,3667
46070,3667
46071,3667
46072,3667
46073,3667
46074,3667
46075,3667
46076,3667
46077,3667
46078,3667
46079,3667
46080,3667
46081,3667
46082,3667
46083,3667
46084,3667
46085,3667
46086,3667
46087,3667
46088,3667
46089,3667
46090,3667
46091,3667
46092,3667
46093,3667
46094,3667
46095,3667
46096,3667
46097,3667
46098,3667
46099,3667
46100,3667
46101,3667
46102,3667
46103,3667
46104,3667
46105,3667
46106,3667
46107,3667
46108,3667
46109,3667
46110,3667
46111,3667
46112,3667
46113,3667
46114,3667
46115,3667
46116,3667
46117,3667
46118,3667
46119,3667
46120,3667
46121,3667
46122,3667
46123,3667
46124,3667
46125,3667
46126,3667
46127,3667
46128,3667
46129,3667
46130,3667
46131,3667
46132,3667
46133,3667
46134,3667
46135,3667
46136,3667
46137,3667
46138,3667
46139,3667
46140,3667
46141,3667
46142,3667
46143,3667
46144,3667
46145,3667
46146,3667
46147,3667
46148,3667
46149,3667
46150,3667
46151,3667
46152,3667
46153,3667
46154,3667
46155,3667
46156,3667
46157,3667
46158,3667
46159,3667
46160,3667
46161,3667
46162,3667
46163,3667
46164,3667
46165,3667
46166,3667
46167,3667
46168,3667
46169,3667
46170,3667
46171,3667
46172,3667
46173,3667
46174,3667
46175,3667
46176,3667
46177,3667
46178,3667
46179,3667
46180,3667
46181,3667
46182,3667
46183,3667
46184,3667
46185,3667
46186,3667
46187,3667
46188,3667
46189,3667
46190,3667
46191,3667
46192,3667
46193,3667
46194,3667
46195,3667
46196,3667
46197,3667
46198,3667
46199,3667
46200,3667
46201,3667
46202,3667
46203,3667
46204,3667
46205,3667
46206,3667
46207,3667
46208,3667
46209,3667
46210,3667
46211,3667
46212,3667
46213,3667
46214,3667
46215,3667
46216,3667
46217,3667
46218,3667
46219,3667
46220,3667
46221,3667
46222,3667
46223,3667
46224,3667
46225,3667
46226,3667
46227,3667
46228,3667
46229,3667
46230,3667
46231,3667
46232,3667
46233,3667
46234,3667
46235,3667
46236,3667
46237,3667
46238,3667
46239,3667
46240,3667
46241,3667
46242,3667
46243,3667
46244,3667
46245,3667
46246,3667
46247,3667
46248,3667
46249,3667
46250,3667
46251,3667
46252,3667
46253,3667
46254,3667
46255,3667
46256,3667
46257,3667
46258,3667
46259,3667
46260,3667
46261,3667
46262,3667
46263,3667
46264,3667
46265,3667
46266,3667
46267,3667
46268,3667
46269,3667
46270,3667
46271,3667
46272,3667
46273,3667
46274,3667
46275,3667
46276,3667
46277,3667
46278,3667
46279,3667
46280,3667
46281,3667
46282,3667
46283,3667
46284,3667
46285,3667
46286,3667
46287,3667
46288,3667
46289,3667
46290,3667
46291,3667
46292,3667
46293,3667
46294,3667
46295,3667
46296,3667
46297,3667
46298,3667
46299,3667
46300,3667
46301,3667
46302,3667
46303,3667
46304,3667
46305,3667
46306,3670
46307,3670
46308,3670
46309,3670
46310,3670
46311,3670
46312,3670
46313,3670
46314,3670
46315,3670
46316,3670
46317,3670
46318,3670
46319,3670
46320,3670
46321,3670
46322,3670
46323,3670
46324,3670
46325,3670
46326,3670
46327,3670
46328,3670
46329,3670
46330,3670
46331,3670
46332,3670
46333,3670
46334,3670
46335,3670
46336,3670
46337,3670
46338,3670
46339,3670
46340,3670
46341,3670
46342,3670
46343,3670
46344,3670
46345,3670
46346,3670
46347,3670
46348,3670
46349,3670
46350,3670
46351,3670
46352,3670
46353,3670
46354,3670
46355,3670
46356,3670
46357,3670
46358,3670
46359,3670
46360,3670
46361,3670
46362,3670
46363,3670
46364,3670
46365,3670
46366,3670
46367,3670
46368,3670
46369,3670
46370,3670
46371,3670
46372,3670
46373,3670
46374,3670
46375,3670
46376,3670
46377,3670
46378,3670
46379,3670
46380,3670
46381,3670
46382,3670
46383,3670
46384,3670
46385,3670
46386,3670
46387,3670
46388,3670
46389,3670
46390,3670
46391,3670
46392,3670
46393,3670
46394,3670
46395,3670
46396,3670
46397,3670
46398,3670
46399,3670
46400,3670
46401,3670
46402,3670
46403,3670
46404,3670
46405,3670
46406,3670
46407,3670
46408,3670
46409,3670
46410,3670
46411,3670
46412,3670
46413,3670
46414,3670
46415,3670
46416,3670
46417,3670
46418,3670
46419,3670
46420,3670
46421,3670
46422,3670
46423,3670
46424,3670
46425,3670
46426,3670
46427,3670
46428,3670
46429,3670
46430,3670
46431,3670
46432,3670
46433,3670
46434,3670
46435,3670
46436,3670
46437,3670
46438,3670
46439,3670
46440,3670
46441,3670
46442,3670
46443,3670
46444,3670
46445,3670
46446,3670
46447,3670
46448,3670
46449,3670
46450,3670
46451,3670
46452,3670
46453,3670
46454,3670
46455,3670
46456,3670
46457,3670
46458,3670
46459,3670
46460,3670
46461,3670
46462,3670
46463,3670
46464,3670
46465,3670
46466,3670
46467,3670
46468,3670
46469,3670
46470,3670
46471,3670
46472,3670
46473,3670
46474,3687
46475,3687
46476,3687
46477,3687
46478,3687
46479,3687
46480,3687
46481,3687
46482,3687
46483,3687
46484,3687
46485,3687
46486,3687
46487,3687
46488,3687
46489,3687
46490,3687
46491,3687
46492,3687
46493,3687
46494,3687
46495,3687
46496,3687
46497,3687
46498,3687
46499,3687
46500,3687
46501,3687
46502,3687
46503,3687
46504,3687
46505,3687
46506,3687
46507,3687
46508,3687
46509,3687
46510,3687
46511,3687
46512,3687
46513,3687
46514,3687
46515,3687
46516,3687
46517,3687
46518,3687
46519,3687
46520,3687
46521,3687
46522,3687
46523,3687
46524,3687
46525,3687
46526,3687
46527,3687
46528,3687
46529,3687
46530,3687
46531,3694
46532,3694
46533,3694
46534,3694
46535,3694
46536,3694
46537,3694
46538,3694
46539,3694
46540,3694
46541,3694
46542,3694
46543,3694
46544,3694
46545,3694
46546,3694
46547,3694
46548,3694
46549,3694
46550,3694
46551,3694
46552,3694
46553,3694
46554,3694
46555,3694
46556,3694
46557,3694
46558,3694
46559,3694
46560,3694
46561,3694
46562,3696
46563,3696
46564,3696
46565,3696
46566,3696
46567,3696
46568,3696
46569,3696
46570,3696
46571,3696
46572,3696
46573,3696
46574,3696
46575,3696
46576,3696
46577,3696
46578,3696
46579,3696
46580,3696
46581,3696
46582,3696
46583,3696
46584,3696
46585,3696
46586,3696
46587,3696
46588,3696
46589,3696
46590,3696
46591,3696
46592,3696
46593,3696
46594,3696
46595,3696
46596,3696
46597,3696
46598,3696
46599,3696
46600,3696
46601,3696
46602,3696
46603,3696
46604,3696
46605,3696
46606,3696
46607,3696
46608,3696
46609,3696
46610,3696
46611,3696
46612,3696
46613,3696
46614,3696
46615,3696
46616,3696
46617,3696
46618,3696
46619,3696
46620,3696
46621,3696
46622,3696
46623,3696
46624,3696
46625,3696
46626,3696
46627,3696
46628,3696
46629,3696
46630,3696
46631,3696
46632,3696
46633,3696
46634,3696
46635,3696
46636,3696
46637,3696
46638,3696
46639,3696
46640,3696
46641,3696
46642,3696
46643,3696
46644,3696
46645,3696
46646,3696
46647,3696
46648,3696
46649,3696
46650,3696
46651,3696
46652,3696
46653,3696
46654,3696
46655,3696
46656,3696
46657,3696
46658,3696
46659,3696
46660,3696
46661,3696
46662,3696
46663,3696
46664,3696
46665,3696
46666,3696
46667,3696
46668,3696
46669,3696
46670,3696
46671,3696
46672,3696
46673,3696
46674,3696
46675,3696
46676,3696
46677,3696
46678,3696
46679,3696
46680,3696
46681,3696
46682,3696
46683,3696
46684,3696
46685,3696
46686,3696
46687,3696
46688,3696
46689,3696
46690,3696
46691,3696
46692,3696
46693,3696
46694,3696
46695,3696
46696,3696
46697,3696
46698,3696
46699,3696
46700,3696
46701,3696
46702,3696
46703,3696
46704,3696
46705,3696
46706,3696
46707,3696
46708,3696
46709,3696
46710,3696
46711,3696
46712,3696
46713,3696
46714,3696
46715,3696
46716,3696
46717,3696
46718,3696
46719,3696
46720,3696
46721,3696
46722,3696
46723,3696
46724,3696
46725,3696
46726,3696
46727,3696
46728,3696
46729,3696
46730,3696
46731,3696
46732,3696
46733,3696
46734,3696
46735,3696
46736,3696
46737,3696
46738,3696
46739,3696
46740,3696
46741,3696
46742,3696
46743,3696
46744,3696
46745,3696
46746,3696
46747,3696
46748,3696
46749,3696
46750,3696
46751,3696
46752,3696
46753,3696
46754,3696
46755,3696
46756,3696
46757,3696
46758,3696
46759,3696
46760,3696
46761,3696
46762,3696
46763,3696
46764,3696
46765,3696
46766,3696
46767,3696
46768,3696
46769,3696
46770,3696
46771,3696
46772,3696
46773,3696
46774,3696
46775,3696
46776,3696
46777,3696
46778,3696
46779,3696
46780,3696
46781,3696
46782,3696
46783,3696
46784,3696
46785,3696
46786,3696
46787,3696
46788,3696
46789,3696
46790,3696
46791,3696
46792,3696
46793,3696
46794,3696
46795,3696
46796,3696
46797,3696
46798,3696
46799,3696
46800,3696
46801,3696
46802,3696
46803,3696
46804,3696
46805,3696
46806,3696
46807,3696
46808,3696
46809,3696
46810,3696
46811,3696
46812,3696
46813,3696
46814,3696
46815,3696
46816,3696
46817,3696
46818,3696
46819,3696
46820,3696
46821,3696
46822,3696
46823,3696
46824,3696
46825,3696
46826,3696
46827,3696
46828,3696
46829,3696
46830,3696
46831,3696
46832,3696
46833,3696
46834,3696
46835,3696
46836,3696
46837,3696
46838,3696
46839,3696
46840,3696
46841,3696
46842,3696
46843,3696
46844,3696
46845,3696
46846,3696
46847,3696
46848,3696
46849,3696
46850,3696
46851,3696
46852,3696
46853,3696
46854,3696
46855,3696
46856,3696
46857,3696
46858,3696
46859,3696
46860,3696
46861,3696
46862,3696
46863,3696
46864,3696
46865,3696
46866,3696
46867,3696
46868,3696
46869,3696
46870,3696
46871,3696
46872,3696
46873,3696
46874,3696
46875,3696
46876,3696
46877,3696
46878,3696
46879,3696
46880,3696
46881,3696
46882,3696
46883,3696
46884,3696
46885,3696
46886,3696
46887,3696
46888,3696
46889,3696
46890,3696
46891,3696
46892,3696
46893,3696
46894,3696
46895,3696
46896,3696
46897,3696
46898,3696
46899,3696
46900,3696
46901,3696
46902,3696
46903,3696
46904,3696
46905,3696
46906,3696
46907,3696
46908,3696
46909,3696
46910,3696
46911,3696
46912,3696
46913,3696
46914,3696
46915,3696
46916,3696
46917,3696
46918,3696
46919,3696
46920,3696
46921,3696
46922,3696
46923,3696
46924,3696
46925,3696
46926,3696
46927,3696
46928,3696
46929,3696
46930,3696
46931,3696
46932,3696
46933,3696
46934,3696
46935,3696
46936,3696
46937,3698
46938,3698
46939,3698
46940,3698
46941,3698
46942,3698
46943,3698
46944,3698
46945,3698
46946,3698
46947,3698
46948,3698
46949,3698
46950,3698
46951,3698
46952,3698
46953,3698
46954,3698
46955,3698
46956,3698
46957,3698
46958,3698
46959,3698
46960,3698
46961,3698
46962,3698
46963,3698
46964,3698
46965,3698
46966,3698
46967,3698
46968,3698
46969,3698
46970,3698
46971,3698
46972,3698
46973,3698
46974,3698
46975,3698
46976,3698
46977,3698
46978,3698
46979,3698
46980,3698
46981,3698
46982,3698
46983,3698
46984,3698
46985,3698
46986,3698
46987,3698
46988,3698
46989,3698
46990,3698
46991,3698
46992,3698
46993,3698
46994,3698
46995,3698
46996,3698
46997,3698
46998,3698
46999,3698
47000,3698
47001,3698
47002,3698
47003,3698
47004,3698
47005,3698
47006,3698
47007,3698
47008,3698
47009,3698
47010,3698
47011,3698
47012,3698
47013,3698
47014,3698
47015,3698
47016,3698
47017,3698
47018,3698
47019,3698
47020,3698
47021,3698
47022,3698
47023,3698
47024,3698
47025,3698
47026,3698
47027,3698
47028,3698
47029,3698
47030,3698
47031,3698
47032,3698
47033,3698
47034,3698
47035,3698
47036,3698
47037,3698
47038,3698
47039,3698
47040,3698
47041,3698
47042,3698
47043,3698
47044,3698
47045,3698
47046,3698
47047,3698
47048,3698
47049,3698
47050,3698
47051,3698
47052,3698
47053,3698
47054,3698
47055,3698
47056,3698
47057,3698
47058,3698
47059,3698
47060,3698
47061,3698
47062,3698
47063,3698
47064,3698
47065,3698
47066,3698
47067,3698
47068,3698
47069,3698
47070,3698
47071,3698
47072,3698
47073,3698
47074,3698
47075,3698
47076,3698
47077,3698
47078,3698
47079,3698
47080,3698
47081,3698
47082,3698
47083,3698
47084,3698
47085,3698
47086,3698
47087,3698
47088,3698
47089,3698
47090,3698
47091,3698
47092,3698
47093,3698
47094,3698
47095,3698
47096,3698
47097,3698
47098,3698
47099,3698
47100,3698
47101,3698
47102,3698
47103,3698
47104,3700
47105,3700
47106,3700
47107,3700
47108,3700
47109,3700
47110,3700
47111,3700
47112,3700
47113,3700
47114,3700
47115,3700
47116,3700
47117,3700
47118,3700
47119,3700
47120,3700
47121,3700
47122,3700
47123,3700
47124,3700
47125,3700
47126,3700
47127,3700
47128,3700
47129,3700
47130,3700
47131,3700
47132,3700
47133,3700
47134,3700
47135,3700
47136,3700
47137,3700
47138,3700
47139,3700
47140,3700
47141,3700
47142,3700
47143,3700
47144,3700
47145,3700
47146,3700
47147,3700
47148,3700
47149,3700
47150,3700
47151,3700
47152,3700
47153,3700
47154,3700
47155,3700
47156,3700
47157,3700
47158,3700
47159,3700
47160,3700
47161,3700
47162,3700
47163,3700
47164,3700
47165,3700
47166,3700
47167,3700
47168,3700
47169,3700
47170,3700
47171,3701
47172,3701
47173,3701
47174,3701
47175,3701
47176,3701
47177,3701
47178,3701
47179,3701
47180,3701
47181,3701
47182,3701
47183,3701
47184,3701
47185,3701
47186,3701
47187,3701
47188,3701
47189,3701
47190,3701
47191,3701
47192,3701
47193,3701
47194,3701
47195,3701
47196,3701
47197,3701
47198,3701
47199,3701
47200,3701
47201,3701
47202,3701
47203,3701
47204,3701
47205,3701
47206,3701
47207,3701
47208,3701
47209,3701
47210,3701
47211,3701
47212,3701
47213,3701
47214,3701
47215,3701
47216,3701
47217,3701
47218,3701
47219,3701
47220,3701
47221,3701
47222,3701
47223,3701
47224,3701
47225,3701
47226,3701
47227,3701
47228,3701
47229,3701
47230,3701
47231,3701
47232,3701
47233,3701
47234,3701
47235,3710
47236,3710
47237,3710
47238,3710
47239,3710
47240,3710
47241,3710
47242,3710
47243,3710
47244,3710
47245,3710
47246,3710
47247,3710
47248,3710
47249,3710
47250,3710
47251,3710
47252,3710
47253,3710
47254,3710
47255,3710
47256,3710
47257,3710
47258,3710
47259,3710
47260,3710
47261,3710
47262,3710
47263,3710
47264,3710
47265,3710
47266,3710
47267,3710
47268,3710
47269,3710
47270,3710
47271,3710
47272,3710
47273,3710
47274,3710
47275,3710
47276,3710
47277,3710
47278,3710
47279,3710
47280,3710
47281,3710
47282,3710
47283,3710
47284,3710
47285,3710
47286,3710
47287,3710
47288,3710
47289,3710
47290,3710
47291,3710
47292,3710
47293,3710
47294,3710
47295,3710
47296,3710
47297,3710
47298,3710
47299,3710
47300,3710
47301,3710
47302,3710
47303,3710
47304,3710
47305,3710
47306,3710
47307,3710
47308,3710
47309,3710
47310,3710
47311,3710
47312,3710
47313,3710
47314,3710
47315,3710
47316,3710
47317,3710
47318,3710
47319,3710
47320,3710
47321,3710
47322,3710
47323,3710
47324,3710
47325,3710
47326,3710
47327,3710
47328,3710
47329,3710
47330,3710
47331,3710
47332,3710
47333,3710
47334,3710
47335,3710
47336,3710
47337,3710
47338,3710
47339,3710
47340,3710
47341,3710
47342,3710
47343,3710
47344,3710
47345,3710
47346,3710
47347,3710
47348,3710
47349,3710
47350,3710
47351,3710
47352,3710
47353,3710
47354,3710
47355,3710
47356,3710
47357,3710
47358,3710
47359,3710
47360,3710
47361,3710
47362,3710
47363,3710
47364,3710
47365,3710
47366,3710
47367,3710
47368,3710
47369,3710
47370,3710
47371,3710
47372,3710
47373,3710
47374,3710
47375,3710
47376,3710
47377,3710
47378,3710
47379,3710
47380,3710
47381,3710
47382,3710
47383,3710
47384,3710
47385,3710
47386,3710
47387,3710
47388,3710
47389,3710
47390,3710
47391,3710
47392,3710
47393,3710
47394,3710
47395,3710
47396,3710
47397,3710
47398,3710
47399,3710
47400,3710
47401,3710
47402,3710
47403,3710
47404,3710
47405,3710
47406,3710
47407,3710
47408,3710
47409,3710
47410,3710
47411,3710
47412,3710
47413,3710
47414,3710
47415,3710
47416,3710
47417,3710
47418,3710
47419,3710
47420,3710
47421,3710
47422,3710
47423,3710
47424,3710
47425,3710
47426,3710
47427,3710
47428,3710
47429,3710
47430,3710
47431,3710
47432,3710
47433,3710
47434,3710
47435,3710
47436,3710
47437,3710
47438,3710
47439,3710
47440,3710
47441,3710
47442,3710
47443,3710
47444,3710
47445,3710
47446,3710
47447,3710
47448,3710
47449,3710
47450,3710
47451,3710
47452,3710
47453,3710
47454,3710
47455,3710
47456,3710
47457,3710
47458,3710
47459,3710
47460,3710
47461,3710
47462,3710
47463,3710
47464,3710
47465,3710
47466,3710
47467,3710
47468,3710
47469,3710
47470,3710
47471,3710
47472,3710
47473,3710
47474,3710
47475,3710
47476,3710
47477,3710
47478,3710
47479,3710
47480,3710
47481,3710
47482,3710
47483,3710
47484,3710
47485,3710
47486,3710
47487,3710
47488,3710
47489,3710
47490,3710
47491,3710
47492,3710
47493,3710
47494,3710
47495,3710
47496,3710
47497,3710
47498,3710
47499,3710
47500,3710
47501,3710
47502,3710
47503,3710
47504,3710
47505,3710
47506,3710
47507,3710
47508,3710
47509,3710
47510,3710
47511,3710
47512,3710
47513,3710
47514,3710
47515,3710
47516,3710
47517,3710
47518,3710
47519,3710
47520,3710
47521,3710
47522,3710
47523,3710
47524,3710
47525,3710
47526,3710
47527,3710
47528,3710
47529,3710
47530,3710
47531,3710
47532,3710
47533,3710
47534,3710
47535,3710
47536,3710
47537,3710
47538,3710
47539,3710
47540,3710
47541,3718
47542,3718
47543,3718
47544,3718
47545,3718
47546,3718
47547,3718
47548,3718
47549,3718
47550,3718
47551,3718
47552,3718
47553,3718
47554,3718
47555,3718
47556,3718
47557,3718
47558,3718
47559,3718
47560,3718
47561,3718
47562,3718
47563,3718
47564,3718
47565,3718
47566,3718
47567,3718
47568,3718
47569,3718
47570,3718
47571,3718
47572,3718
47573,3718
47574,3718
47575,3718
47576,3718
47577,3718
47578,3718
47579,3718
47580,3718
47581,3718
47582,3718
47583,3718
47584,3718
47585,3718
47586,3718
47587,3718
47588,3732
47589,3732
47590,3732
47591,3732
47592,3732
47593,3732
47594,3732
47595,3732
47596,3732
47597,3732
47598,3732
47599,3732
47600,3732
47601,3732
47602,3732
47603,3732
47604,3732
47605,3732
47606,3732
47607,3732
47608,3732
47609,3732
47610,3732
47611,3732
47612,3732
47613,3732
47614,3732
47615,3732
47616,3732
47617,3732
47618,3732
47619,3732
47620,3732
47621,3732
47622,3732
47623,3732
47624,3732
47625,3732
47626,3732
47627,3732
47628,3732
47629,3732
47630,3732
47631,3732
47632,3732
47633,3732
47634,3732
47635,3732
47636,3732
47637,3732
47638,3732
47639,3732
47640,3732
47641,3732
47642,3732
47643,3732
47644,3732
47645,3732
47646,3732
47647,3732
47648,3732
47649,3732
47650,3732
47651,3732
47652,3732
47653,3732
47654,3732
47655,3732
47656,3732
47657,3732
47658,3732
47659,3732
47660,3732
47661,3732
47662,3732
47663,3732
47664,3732
47665,3732
47666,3732
47667,3732
47668,3732
47669,3732
47670,3732
47671,3732
47672,3732
47673,3732
47674,3732
47675,3732
47676,3732
47677,3732
47678,3732
47679,3732
47680,3732
47681,3732
47682,3732
47683,3732
47684,3732
47685,3732
47686,3732
47687,3732
47688,3732
47689,3732
47690,3732
47691,3732
47692,3732
47693,3732
47694,3732
47695,3732
47696,3732
47697,3732
47698,3732
47699,3732
47700,3732
47701,3732
47702,3732
47703,3732
47704,3732
47705,3732
47706,3732
47707,3732
47708,3732
47709,3732
47710,3732
47711,3732
47712,3732
47713,3732
47714,3732
47715,3732
47716,3732
47717,3732
47718,3732
47719,3732
47720,3732
47721,3732
47722,3732
47723,3732
47724,3732
47725,3732
47726,3732
47727,3732
47728,3732
47729,3732
47730,3732
47731,3732
47732,3732
47733,3732
47734,3732
47735,3732
47736,3732
47737,3732
47738,3732
47739,3732
47740,3732
47741,3732
47742,3732
47743,3732
47744,3732
47745,3732
47746,3732
47747,3732
47748,3732
47749,3732
47750,3732
47751,3732
47752,3732
47753,3732
47754,3732
47755,3734
47756,3734
47757,3734
47758,3734
47759,3734
47760,3734
47761,3734
47762,3734
47763,3734
47764,3734
47765,3734
47766,3734
47767,3734
47768,3734
47769,3734
47770,3734
47771,3734
47772,3734
47773,3734
47774,3734
47775,3734
47776,3734
47777,3734
47778,3734
47779,3734
47780,3734
47781,3734
47782,3734
47783,3734
47784,3734
47785,3734
47786,3734
47787,3734
47788,3734
47789,3734
47790,3734
47791,3734
47792,3734
47793,3734
47794,3734
47795,3734
47796,3734
47797,3734
47798,3734
47799,3734
47800,3734
47801,3734
47802,3734
47803,3734
47804,3734
47805,3734
47806,3734
47807,3734
47808,3734
47809,3734
47810,3734
47811,3734
47812,3734
47813,3734
47814,3734
47815,3734
47816,3734
47817,3734
47818,3734
47819,3734
47820,3734
47821,3734
47822,3734
47823,3734
47824,3734
47825,3734
47826,3734
47827,3734
47828,3734
47829,3734
47830,3734
47831,3734
47832,3734
47833,3734
47834,3734
47835,3734
47836,3734
47837,3734
47838,3734
47839,3734
47840,3734
47841,3734
47842,3734
47843,3734
47844,3734
47845,3734
47846,3734
47847,3734
47848,3734
47849,3734
47850,3734
47851,3734
47852,3734
47853,3734
47854,3734
47855,3734
47856,3734
47857,3734
47858,3734
47859,3734
47860,3734
47861,3734
47862,3734
47863,3734
47864,3734
47865,3734
47866,3734
47867,3734
47868,3734
47869,3734
47870,3734
47871,3734
47872,3734
47873,3734
47874,3734
47875,3734
47876,3734
47877,3734
47878,3734
47879,3734
47880,3734
47881,3734
47882,3734
47883,3734
47884,3734
47885,3734
47886,3734
47887,3734
47888,3734
47889,3734
47890,3734
47891,3734
47892,3734
47893,3734
47894,3734
47895,3734
47896,3734
47897,3734
47898,3734
47899,3734
47900,3734
47901,3734
47902,3734
47903,3734
47904,3734
47905,3734
47906,3734
47907,3734
47908,3734
47909,3734
47910,3734
47911,3734
47912,3734
47913,3734
47914,3734
47915,3734
47916,3734
47917,3734
47918,3734
47919,3734
47920,3734
47921,3734
47922,3734
47923,3734
47924,3734
47925,3734
47926,3734
47927,3734
47928,3734
47929,3734
47930,3734
47931,3734
47932,3734
47933,3734
47934,3734
47935,3734
47936,3734
47937,3734
47938,3734
47939,3734
47940,3734
47941,3734
47942,3734
47943,3734
47944,3734
47945,3734
47946,3734
47947,3734
47948,3734
47949,3734
47950,3734
47951,3734
47952,3734
47953,3734
47954,3734
47955,3734
47956,3734
47957,3734
47958,3734
47959,3734
47960,3734
47961,3734
47962,3734
47963,3734
47964,3734
47965,3734
47966,3734
47967,3734
47968,3734
47969,3734
47970,3734
47971,3734
47972,3734
47973,3734
47974,3734
47975,3734
47976,3734
47977,3734
47978,3734
47979,3734
47980,3734
47981,3734
47982,3734
47983,3734
47984,3747
47985,3747
47986,3747
47987,3747
47988,3747
47989,3747
47990,3747
47991,3747
47992,3747
47993,3747
47994,3747
47995,3747
47996,3747
47997,3747
47998,3747
47999,3747
48000,3747
48001,3747
48002,3747
48003,3747
48004,3747
48005,3747
48006,3747
48007,3747
48008,3747
48009,3747
48010,3747
48011,3747
48012,3747
48013,3747
48014,3747
48015,3747
48016,3747
48017,3747
48018,3747
48019,3747
48020,3747
48021,3747
48022,3747
48023,3747
48024,3747
48025,3747
48026,3747
48027,3747
48028,3747
48029,3747
48030,3747
48031,3747
48032,3747
48033,3749
48034,3749
48035,3749
48036,3749
48037,3749
48038,3749
48039,3749
48040,3749
48041,3749
48042,3749
48043,3749
48044,3749
48045,3749
48046,3749
48047,3749
48048,3749
48049,3749
48050,3749
48051,3749
48052,3749
48053,3749
48054,3749
48055,3749
48056,3749
48057,3749
48058,3749
48059,3749
48060,3749
48061,3749
48062,3749
48063,3749
48064,3749
48065,3749
48066,3749
48067,3749
48068,3749
48069,3749
48070,3749
48071,3749
48072,3749
48073,3749
48074,3749
48075,3749
48076,3749
48077,3749
48078,3749
48079,3749
48080,3749
48081,3749
48082,3749
48083,3749
48084,3749
48085,3749
48086,3749
48087,3749
48088,3749
48089,3749
48090,3749
48091,3749
48092,3749
48093,3749
48094,3749
48095,3749
48096,3749
48097,3749
48098,3749
48099,3749
48100,3749
48101,3749
48102,3749
48103,3749
48104,3749
48105,3749
48106,3749
48107,3749
48108,3749
48109,3749
48110,3749
48111,3749
48112,3749
48113,3749
48114,3749
48115,3749
48116,3749
48117,3749
48118,3749
48119,3749
48120,3749
48121,3749
48122,3749
48123,3749
48124,3749
48125,3749
48126,3749
48127,3749
48128,3749
48129,3749
48130,3749
48131,3749
48132,3749
48133,3749
48134,3749
48135,3749
48136,3749
48137,3749
48138,3749
48139,3749
48140,3749
48141,3749
48142,3749
48143,3749
48144,3749
48145,3749
48146,3749
48147,3749
48148,3749
48149,3749
48150,3749
48151,3749
48152,3749
48153,3749
48154,3749
48155,3749
48156,3749
48157,3749
48158,3749
48159,3749
48160,3749
48161,3749
48162,3749
48163,3749
48164,3749
48165,3749
48166,3749
48167,3749
48168,3749
48169,3749
48170,3749
48171,3749
48172,3749
48173,3749
48174,3749
48175,3749
48176,3749
48177,3749
48178,3749
48179,3749
48180,3749
48181,3749
48182,3749
48183,3749
48184,3749
48185,3749
48186,3749
48187,3749
48188,3749
48189,3749
48190,3749
48191,3749
48192,3749
48193,3749
48194,3749
48195,3749
48196,3749
48197,3749
48198,3749
48199,3749
48200,3749
48201,3749
48202,3749
48203,3749
48204,3749
48205,3749
48206,3749
48207,3749
48208,3749
48209,3749
48210,3749
48211,3749
48212,3749
48213,3749
48214,3749
48215,3749
48216,3749
48217,3749
48218,3765
48219,3765
48220,3765
48221,3765
48222,3765
48223,3765
48224,3765
48225,3765
48226,3765
48227,3765
48228,3765
48229,3765
48230,3765
48231,3765
48232,3765
48233,3765
48234,3765
48235,3765
48236,3765
48237,3765
48238,3765
48239,3765
48240,3765
48241,3765
48242,3765
48243,3765
48244,3765
48245,3765
48246,3765
48247,3765
48248,3765
48249,3765
48250,3765
48251,3765
48252,3765
48253,3765
48254,3765
48255,3765
48256,3765
48257,3765
48258,3765
48259,3765
48260,3765
48261,3765
48262,3765
48263,3765
48264,3765
48265,3765
48266,3765
48267,3765
48268,3765
48269,3765
48270,3765
48271,3765
48272,3765
48273,3765
48274,3765
48275,3765
48276,3765
48277,3765
48278,3765
48279,3765
48280,3765
48281,3765
48282,3765
48283,3765
48284,3765
48285,3765
48286,3765
48287,3765
48288,3765
48289,3765
48290,3765
48291,3765
48292,3765
48293,3765
48294,3765
48295,3765
48296,3765
48297,3765
48298,3765
48299,3765
48300,3765
48301,3765
48302,3765
48303,3765
48304,3765
48305,3765
48306,3765
48307,3765
48308,3765
48309,3765
48310,3765
48311,3765
48312,3765
48313,3765
48314,3765
48315,3765
48316,3765
48317,3765
48318,3765
48319,3765
48320,3765
48321,3765
48322,3765
48323,3765
48324,3765
48325,3765
48326,3765
48327,3765
48328,3765
48329,3765
48330,3765
48331,3765
48332,3765
48333,3765
48334,3765
48335,3765
48336,3765
48337,3765
48338,3765
48339,3765
48340,3765
48341,3765
48342,3765
48343,3765
48344,3765
48345,3765
48346,3765
48347,3765
48348,3765
48349,3765
48350,3765
48351,3765
48352,3765
48353,3765
48354,3765
48355,3765
48356,3765
48357,3765
48358,3765
48359,3765
48360,3765
48361,3765
48362,3765
48363,3765
48364,3765
48365,3765
48366,3765
48367,3765
48368,3765
48369,3765
48370,3765
48371,3765
48372,3765
48373,3765
48374,3765
48375,3765
48376,3765
48377,3765
48378,3765
48379,3765
48380,3765
48381,3765
48382,3765
48383,3765
48384,3765
48385,3765
48386,3765
48387,3765
48388,3765
48389,3765
48390,3765
48391,3765
48392,3765
48393,3765
48394,3765
48395,3765
48396,3765
48397,3765
48398,3765
48399,3765
48400,3765
48401,3765
48402,3765
48403,3765
48404,3765
48405,3765
48406,3765
48407,3765
48408,3765
48409,3765
48410,3765
48411,3765
48412,3765
48413,3765
48414,3765
48415,3765
48416,3765
48417,3765
48418,3765
48419,3765
48420,3765
48421,3765
48422,3765
48423,3765
48424,3765
48425,3765
48426,3765
48427,3765
48428,3765
48429,3765
48430,3765
48431,3765
48432,3765
48433,3765
48434,3765
48435,3765
48436,3765
48437,3765
48438,3765
48439,3765
48440,3765
48441,3765
48442,3765
48443,3765
48444,3765
48445,3765
48446,3765
48447,3765
48448,3765
48449,3765
48450,3765
48451,3765
48452,3765
48453,3765
48454,3765
48455,3765
48456,3765
48457,3765
48458,3765
48459,3765
48460,3765
48461,3765
48462,3765
48463,3765
48464,3765
48465,3765
48466,3765
48467,3765
48468,3765
48469,3765
48470,3765
48471,3765
48472,3765
48473,3765
48474,3765
48475,3765
48476,3765
48477,3765
48478,3765
48479,3765
48480,3765
48481,3765
48482,3765
48483,3765
48484,3765
48485,3765
48486,3765
48487,3765
48488,3765
48489,3765
48490,3765
48491,3765
48492,3765
48493,3765
48494,3765
48495,3765
48496,3765
48497,3765
48498,3765
48499,3765
48500,3765
48501,3765
48502,3765
48503,3765
48504,3765
48505,3765
48506,3765
48507,3765
48508,3765
48509,3765
48510,3765
48511,3765
48512,3765
48513,3765
48514,3765
48515,3765
48516,3765
48517,3765
48518,3765
48519,3765
48520,3765
48521,3765
48522,3765
48523,3765
48524,3765
48525,3765
48526,3765
48527,3765
48528,3765
48529,3765
48530,3765
48531,3765
48532,3765
48533,3765
48534,3765
48535,3765
48536,3765
48537,3765
48538,3765
48539,3765
48540,3765
48541,3765
48542,3765
48543,3765
48544,3765
48545,3765
48546,3765
48547,3765
48548,3765
48549,3765
48550,3765
48551,3765
48552,3765
48553,3765
48554,3765
48555,3765
48556,3765
48557,3765
48558,3765
48559,3765
48560,3765
48561,3765
48562,3765
48563,3765
48564,3765
48565,3765
48566,3765
48567,3765
48568,3765
48569,3765
48570,3765
48571,3765
48572,3765
48573,3765
48574,3765
48575,3765
48576,3765
48577,3765
48578,3765
48579,3765
48580,3765
48581,3765
48582,3765
48583,3765
48584,3765
48585,3765
48586,3765
48587,3765
48588,3765
48589,3765
48590,3765
48591,3765
48592,3765
48593,3765
48594,3772
48595,3772
48596,3772
48597,3772
48598,3772
48599,3772
48600,3772
48601,3772
48602,3772
48603,3772
48604,3772
48605,3772
48606,3772
48607,3772
48608,3772
48609,3772
48610,3772
48611,3772
48612,3772
48613,3772
48614,3772
48615,3772
48616,3772
48617,3772
48618,3772
48619,3772
48620,3772
48621,3772
48622,3772
48623,3772
48624,3772
48625,3772
48626,3772
48627,3772
48628,3772
48629,3772
48630,3772
48631,3772
48632,3772
48633,3772
48634,3772
48635,3772
48636,3772
48637,3772
48638,3772
48639,3772
48640,3772
48641,3772
48642,3772
48643,3772
48644,3772
48645,3772
48646,3772
48647,3772
48648,3772
48649,3772
48650,3772
48651,3772
48652,3772
48653,3772
48654,3772
48655,3772
48656,3772
48657,3772
48658,3772
48659,3772
48660,3772
48661,3772
48662,3772
48663,3772
48664,3772
48665,3772
48666,3772
48667,3772
48668,3772
48669,3772
48670,3772
48671,3772
48672,3772
48673,3772
48674,3772
48675,3772
48676,3772
48677,3772
48678,3772
48679,3772
48680,3772
48681,3772
48682,3772
48683,3772
48684,3772
48685,3772
48686,3772
48687,3772
48688,3772
48689,3772
48690,3772
48691,3772
48692,3772
48693,3772
48694,3772
48695,3772
48696,3772
48697,3772
48698,3772
48699,3772
48700,3772
48701,3772
48702,3772
48703,3772
48704,3772
48705,3772
48706,3772
48707,3772
48708,3772
48709,3772
48710,3772
48711,3772
48712,3772
48713,3772
48714,3772
48715,3772
48716,3772
48717,3772
48718,3772
48719,3772
48720,3772
48721,3772
48722,3772
48723,3772
48724,3772
48725,3772
48726,3772
48727,3772
48728,3772
48729,3772
48730,3772
48731,3772
48732,3772
48733,3772
48734,3772
48735,3772
48736,3772
48737,3772
48738,3772
48739,3772
48740,3772
48741,3772
48742,3772
48743,3772
48744,3772
48745,3772
48746,3772
48747,3772
48748,3772
48749,3772
48750,3772
48751,3772
48752,3772
48753,3772
48754,3772
48755,3772
48756,3772
48757,3772
48758,3772
48759,3772
48760,3772
48761,3772
48762,3772
48763,3772
48764,3772
48765,3772
48766,3772
48767,3772
48768,3772
48769,3772
48770,3772
48771,3772
48772,3772
48773,3772
48774,3772
48775,3772
48776,3772
48777,3772
48778,3772
48779,3772
48780,3772
48781,3772
48782,3772
48783,3772
48784,3772
48785,3772
48786,3772
48787,3772
48788,3772
48789,3772
48790,3772
48791,3772
48792,3772
48793,3772
48794,3772
48795,3772
48796,3772
48797,3772
48798,3772
48799,3772
48800,3772
48801,3772
48802,3772
48803,3772
48804,3772
48805,3772
48806,3772
48807,3772
48808,3772
48809,3772
48810,3772
48811,3772
48812,3772
48813,3772
48814,3772
48815,3772
48816,3772
48817,3772
48818,3772
48819,3772
48820,3772
48821,3772
48822,3772
48823,3772
48824,3772
48825,3772
48826,3772
48827,3772
48828,3772
48829,3772
48830,3772
48831,3772
48832,3772
48833,3772
48834,3772
48835,3772
48836,3772
48837,3772
48838,3772
48839,3772
48840,3772
48841,3772
48842,3772
48843,3772
48844,3772
48845,3772
48846,3772
48847,3772
48848,3772
48849,3772
48850,3772
48851,3772
48852,3772
48853,3772
48854,3772
48855,3772
48856,3772
48857,3772
48858,3772
48859,3772
48860,3772
48861,3772
48862,3772
48863,3772
48864,3772
48865,3772
48866,3772
48867,3772
48868,3772
48869,3772
48870,3772
48871,3772
48872,3772
48873,3772
48874,3772
48875,3772
48876,3772
48877,3772
48878,3772
48879,3772
48880,3772
48881,3772
48882,3772
48883,3772
48884,3772
48885,3772
48886,3772
48887,3772
48888,3772
48889,3772
48890,3772
48891,3772
48892,3772
48893,3772
48894,3772
48895,3772
48896,3772
48897,3772
48898,3772
48899,3772
48900,3772
48901,3772
48902,3772
48903,3772
48904,3772
48905,3772
48906,3772
48907,3772
48908,3772
48909,3772
48910,3772
48911,3772
48912,3772
48913,3772
48914,3772
48915,3772
48916,3772
48917,3772
48918,3772
48919,3772
48920,3772
48921,3772
48922,3772
48923,3772
48924,3772
48925,3773
48926,3773
48927,3773
48928,3773
48929,3773
48930,3773
48931,3773
48932,3773
48933,3773
48934,3773
48935,3773
48936,3773
48937,3773
48938,3773
48939,3773
48940,3773
48941,3773
48942,3773
48943,3773
48944,3773
48945,3773
48946,3773
48947,3773
48948,3773
48949,3773
48950,3773
48951,3773
48952,3773
48953,3773
48954,3773
48955,3773
48956,3773
48957,3773
48958,3773
48959,3773
48960,3773
48961,3773
48962,3773
48963,3773
48964,3773
48965,3773
48966,3773
48967,3773
48968,3773
48969,3773
48970,3773
48971,3773
48972,3773
48973,3773
48974,3773
48975,3773
48976,3773
48977,3773
48978,3773
48979,3774
48980,3774
48981,3774
48982,3774
48983,3774
48984,3774
48985,3774
48986,3774
48987,3774
48988,3774
48989,3774
48990,3774
48991,3774
48992,3774
48993,3774
48994,3774
48995,3774
48996,3774
48997,3774
48998,3774
48999,3774
49000,3774
49001,3774
49002,3774
49003,3774
49004,3774
49005,3774
49006,3774
49007,3774
49008,3774
49009,3774
49010,3774
49011,3774
49012,3774
49013,3774
49014,3774
49015,3774
49016,3774
49017,3774
49018,3774
49019,3774
49020,3774
49021,3774
49022,3774
49023,3774
49024,3774
49025,3774
49026,3774
49027,3774
49028,3774
49029,3774
49030,3774
49031,3774
49032,3774
49033,3774
49034,3774
49035,3774
49036,3774
49037,3774
49038,3774
49039,3774
49040,3774
49041,3774
49042,3774
49043,3774
49044,3774
49045,3774
49046,3774
49047,3774
49048,3774
49049,3774
49050,3774
49051,3774
49052,3774
49053,3774
49054,3774
49055,3774
49056,3774
49057,3774
49058,3774
49059,3774
49060,3774
49061,3774
49062,3774
49063,3774
49064,3774
49065,3774
49066,3774
49067,3774
49068,3774
49069,3774
49070,3774
49071,3774
49072,3774
49073,3774
49074,3774
49075,3774
49076,3774
49077,3774
49078,3774
49079,3774
49080,3774
49081,3774
49082,3774
49083,3774
49084,3774
49085,3774
49086,3774
49087,3774
49088,3774
49089,3774
49090,3774
49091,3774
49092,3774
49093,3774
49094,3774
49095,3774
49096,3774
49097,3774
49098,3774
49099,3774
49100,3774
49101,3774
49102,3774
49103,3774
49104,3774
49105,3774
49106,3774
49107,3774
49108,3774
49109,3774
49110,3774
49111,3774
49112,3774
49113,3774
49114,3774
49115,3774
49116,3774
49117,3774
49118,3774
49119,3774
49120,3774
49121,3774
49122,3774
49123,3774
49124,3774
49125,3774
49126,3774
49127,3774
49128,3774
49129,3774
49130,3774
49131,3774
49132,3774
49133,3774
49134,3774
49135,3774
49136,3774
49137,3774
49138,3774
49139,3774
49140,3774
49141,3774
49142,3774
49143,3774
49144,3774
49145,3774
49146,3774
49147,3774
49148,3774
49149,3774
49150,3774
49151,3774
49152,3774
49153,3774
49154,3774
49155,3774
49156,3774
49157,3774
49158,3774
49159,3774
49160,3774
49161,3774
49162,3774
49163,3774
49164,3774
49165,3774
49166,3774
49167,3774
49168,3774
49169,3774
49170,3774
49171,3774
49172,3774
49173,3774
49174,3774
49175,3774
49176,3774
49177,3774
49178,3774
49179,3774
49180,3774
49181,3774
49182,3774
49183,3774
49184,3774
49185,3774
49186,3774
49187,3774
49188,3774
49189,3774
49190,3774
49191,3774
49192,3774
49193,3774
49194,3774
49195,3774
49196,3774
49197,3774
49198,3774
49199,3774
49200,3774
49201,3774
49202,3774
49203,3774
49204,3774
49205,3774
49206,3774
49207,3774
49208,3774
49209,3774
49210,3774
49211,3774
49212,3774
49213,3774
49214,3774
49215,3774
49216,3774
49217,3774
49218,3774
49219,3774
49220,3774
49221,3774
49222,3774
49223,3774
49224,3774
49225,3774
49226,3774
49227,3774
49228,3774
49229,3774
49230,3774
49231,3774
49232,3774
49233,3774
49234,3774
49235,3774
49236,3774
49237,3774
49238,3774
49239,3774
49240,3774
49241,3774
49242,3774
49243,3774
49244,3774
49245,3774
49246,3774
49247,3774
49248,3774
49249,3774
49250,3774
49251,3774
49252,3774
49253,3774
49254,3774
49255,3774
49256,3774
49257,3774
49258,3774
49259,3774
49260,3774
49261,3774
49262,3774
49263,3774
49264,3774
49265,3774
49266,3774
49267,3774
49268,3774
49269,3774
49270,3774
49271,3774
49272,3774
49273,3774
49274,3774
49275,3774
49276,3774
49277,3774
49278,3774
49279,3774
49280,3774
49281,3774
49282,3774
49283,3774
49284,3774
49285,3774
49286,3774
49287,3774
49288,3774
49289,3774
49290,3774
49291,3774
49292,3774
49293,3774
49294,3774
49295,3774
49296,3774
49297,3774
49298,3774
49299,3774
49300,3774
49301,3774
49302,3774
49303,3774
49304,3774
49305,3774
49306,3774
49307,3774
49308,3774
49309,3774
49310,3774
49311,3774
49312,3774
49313,3774
49314,3774
49315,3774
49316,3774
49317,3774
49318,3774
49319,3774
49320,3774
49321,3774
49322,3774
49323,3774
49324,3774
49325,3774
49326,3774
49327,3774
49328,3774
49329,3774
49330,3774
49331,3774
49332,3774
49333,3774
49334,3774
49335,3774
49336,3774
49337,3774
49338,3774
49339,3774
49340,3774
49341,3774
49342,3774
49343,3774
49344,3774
49345,3774
49346,3774
49347,3774
49348,3774
49349,3774
49350,3774
49351,3774
49352,3774
49353,3774
49354,3774
49355,3774
49356,3774
49357,3774
49358,3774
49359,3774
49360,3774
49361,3774
49362,3774
49363,3774
49364,3774
49365,3774
49366,3774
49367,3774
49368,3774
49369,3774
49370,3774
49371,3774
49372,3774
49373,3774
49374,3774
49375,3774
49376,3774
49377,3774
49378,3774
49379,3774
49380,3774
49381,3774
49382,3774
49383,3774
49384,3774
49385,3774
49386,3774
49387,3774
49388,3774
49389,3774
49390,3774
49391,3774
49392,3774
49393,3774
49394,3774
49395,3774
49396,3774
49397,3774
49398,3774
49399,3774
49400,3774
49401,3774
49402,3774
49403,3774
49404,3774
49405,3774
49406,3774
49407,3774
49408,3774
49409,3774
49410,3774
49411,3774
49412,3774
49413,3774
49414,3774
49415,3774
49416,3774
49417,3774
49418,3774
49419,3774
49420,3774
49421,3774
49422,3774
49423,3774
49424,3774
49425,3774
49426,3774
49427,3774
49428,3774
49429,3774
49430,3774
49431,3774
49432,3774
49433,3774
49434,3774
49435,3774
49436,3774
49437,3774
49438,3774
49439,3774
49440,3774
49441,3774
49442,3774
49443,3774
49444,3774
49445,3774
49446,3774
49447,3774
49448,3774
49449,3774
49450,3774
49451,3774
49452,3774
49453,3774
49454,3774
49455,3774
49456,3774
49457,3774
49458,3774
49459,3774
49460,3774
49461,3774
49462,3774
49463,3774
49464,3774
49465,3774
49466,3774
49467,3774
49468,3774
49469,3774
49470,3774
49471,3774
49472,3774
49473,3774
49474,3774
49475,3774
49476,3774
49477,3774
49478,3774
49479,3774
49480,3774
49481,3774
49482,3774
49483,3774
49484,3774
49485,3774
49486,3774
49487,3774
49488,3776
49489,3776
49490,3776
49491,3776
49492,3776
49493,3776
49494,3776
49495,3776
49496,3776
49497,3776
49498,3776
49499,3776
49500,3776
49501,3776
49502,3776
49503,3776
49504,3776
49505,3776
49506,3776
49507,3776
49508,3776
49509,3776
49510,3776
49511,3776
49512,3776
49513,3776
49514,3776
49515,3776
49516,3776
49517,3776
49518,3776
49519,3776
49520,3776
49521,3776
49522,3776
49523,3776
49524,3776
49525,3776
49526,3776
49527,3776
49528,3776
49529,3776
49530,3776
49531,3776
49532,3776
49533,3776
49534,3776
49535,3776
49536,3776
49537,3776
49538,3776
49539,3776
49540,3776
49541,3776
49542,3776
49543,3776
49544,3776
49545,3776
49546,3776
49547,3776
49548,3776
49549,3776
49550,3776
49551,3776
49552,3776
49553,3776
49554,3776
49555,3776
49556,3776
49557,3776
49558,3776
49559,3776
49560,3776
49561,3776
49562,3776
49563,3776
49564,3776
49565,3776
49566,3776
49567,3776
49568,3776
49569,3776
49570,3776
49571,3776
49572,3776
49573,3776
49574,3776
49575,3776
49576,3776
49577,3776
49578,3776
49579,3776
49580,3776
49581,3776
49582,3776
49583,3776
49584,3776
49585,3776
49586,3776
49587,3776
49588,3776
49589,3776
49590,3776
49591,3776
49592,3776
49593,3776
49594,3776
49595,3776
49596,3776
49597,3776
49598,3776
49599,3776
49600,3776
49601,3776
49602,3776
49603,3776
49604,3776
49605,3776
49606,3776
49607,3776
49608,3776
49609,3776
49610,3776
49611,3776
49612,3776
49613,3776
49614,3776
49615,3776
49616,3776
49617,3776
49618,3776
49619,3776
49620,3776
49621,3776
49622,3776
49623,3776
49624,3776
49625,3776
49626,3776
49627,3776
49628,3776
49629,3776
49630,3776
49631,3776
49632,3776
49633,3776
49634,3776
49635,3776
49636,3776
49637,3776
49638,3776
49639,3776
49640,3776
49641,3776
49642,3776
49643,3776
49644,3776
49645,3776
49646,3776
49647,3776
49648,3776
49649,3776
49650,3776
49651,3776
49652,3776
49653,3776
49654,3776
49655,3776
49656,3776
49657,3776
49658,3776
49659,3776
49660,3776
49661,3776
49662,3776
49663,3776
49664,3776
49665,3776
49666,3776
49667,3776
49668,3776
49669,3776
49670,3776
49671,3776
49672,3776
49673,3776
49674,3776
49675,3776
49676,3776
49677,3776
49678,3776
49679,3776
49680,3776
49681,3776
49682,3776
49683,3776
49684,3776
49685,3776
49686,3776
49687,3776
49688,3776
49689,3776
49690,3776
49691,3776
49692,3776
49693,3776
49694,3776
49695,3776
49696,3776
49697,3776
49698,3776
49699,3776
49700,3776
49701,3776
49702,3776
49703,3776
49704,3776
49705,3776
49706,3776
49707,3776
49708,3776
49709,3776
49710,3776
49711,3776
49712,3776
49713,3776
49714,3776
49715,3776
49716,3776
49717,3776
49718,3776
49719,3776
49720,3776
49721,3776
49722,3776
49723,3776
49724,3776
49725,3776
49726,3776
49727,3776
49728,3776
49729,3776
49730,3776
49731,3776
49732,3776
49733,3776
49734,3776
49735,3776
49736,3776
49737,3776
49738,3776
49739,3776
49740,3776
49741,3776
49742,3776
49743,3776
49744,3776
49745,3776
49746,3776
49747,3776
49748,3776
49749,3776
49750,3776
49751,3776
49752,3776
49753,3776
49754,3776
49755,3776
49756,3776
49757,3776
49758,3776
49759,3776
49760,3776
49761,3776
49762,3776
49763,3776
49764,3776
49765,3776
49766,3776
49767,3776
49768,3776
49769,3776
49770,3776
49771,3776
49772,3776
49773,3776
49774,3776
49775,3776
49776,3776
49777,3776
49778,3776
49779,3776
49780,3776
49781,3776
49782,3776
49783,3776
49784,3776
49785,3776
49786,3776
49787,3776
49788,3776
49789,3776
49790,3776
49791,3776
49792,3776
49793,3776
49794,3776
49795,3776
49796,3776
49797,3776
49798,3776
49799,3776
49800,3776
49801,3776
49802,3776
49803,3776
49804,3776
49805,3776
49806,3776
49807,3776
49808,3776
49809,3776
49810,3776
49811,3776
49812,3776
49813,3776
49814,3776
49815,3776
49816,3776
49817,3776
49818,3776
49819,3776
49820,3776
49821,3776
49822,3776
49823,3776
49824,3776
49825,3776
49826,3776
49827,3776
49828,3776
49829,3776
49830,3776
49831,3776
49832,3776
49833,3776
49834,3776
49835,3776
49836,3776
49837,3776
49838,3776
49839,3776
49840,3776
49841,3776
49842,3776
49843,3776
49844,3776
49845,3776
49846,3776
49847,3776
49848,3776
49849,3776
49850,3776
49851,3776
49852,3776
49853,3776
49854,3776
49855,3776
49856,3776
49857,3776
49858,3776
49859,3776
49860,3776
49861,3776
49862,3776
49863,3776
49864,3776
49865,3776
49866,3776
49867,3777
49868,3777
49869,3777
49870,3777
49871,3777
49872,3777
49873,3777
49874,3777
49875,3777
49876,3777
49877,3777
49878,3777
49879,3777
49880,3777
49881,3777
49882,3777
49883,3781
49884,3781
49885,3781
49886,3781
49887,3781
49888,3781
49889,3781
49890,3781
49891,3781
49892,3781
49893,3781
49894,3781
49895,3781
49896,3781
49897,3781
49898,3781
49899,3781
49900,3781
49901,3781
49902,3781
49903,3781
49904,3781
49905,3781
49906,3781
49907,3781
49908,3781
49909,3781
49910,3781
49911,3781
49912,3781
49913,3781
49914,3781
49915,3781
49916,3781
49917,3781
49918,3781
49919,3781
49920,3781
49921,3781
49922,3781
49923,3781
49924,3781
49925,3781
49926,3781
49927,3781
49928,3781
49929,3781
49930,3781
49931,3781
49932,3781
49933,3781
49934,3781
49935,3781
49936,3781
49937,3781
49938,3781
49939,3781
49940,3781
49941,3781
49942,3781
49943,3781
49944,3781
49945,3781
49946,3781
49947,3781
49948,3781
49949,3781
49950,3781
49951,3781
49952,3781
49953,3781
49954,3781
49955,3781
49956,3781
49957,3781
49958,3781
49959,3781
49960,3781
49961,3781
49962,3781
49963,3781
49964,3781
49965,3781
49966,3781
49967,3781
49968,3781
49969,3781
49970,3781
49971,3781
49972,3781
49973,3781
49974,3781
49975,3781
49976,3781
49977,3781
49978,3781
49979,3781
49980,3781
49981,3781
49982,3781
49983,3781
49984,3781
49985,3781
49986,3781
49987,3781
49988,3781
49989,3781
49990,3781
49991,3781
49992,3781
49993,3781
49994,3781
49995,3781
49996,3781
49997,3781
49998,3781
49999,3781
